3,0,5,1
3,0,5,2
3,0,5,3
3,0,5,4
3,0,6,1
3,0,6,2
3,0,6,3
3,0,6,4
5,1,8,1
6,2,8,2
6,1,9,1
5,2,9,2
8,2,11,1
9,2,11,2
8,1,13,1
9,1,13,2
19,1,22,1
19,2,22,2
19,3,22,3
19,4,22,4
19,5,22,5
19,6,22,6
19,7,23,1
19,8,23,2
19,9,23,3
19,10,24,1
19,11,24,2
19,12,24,3
19,13,24,4
19,14,24,5
19,15,24,6
19,16,24,7
19,17,24,8
19,18,24,9
20,1,25,1
20,2,25,2
20,3,26,1
20,4,26,2
20,5,26,3
16,1,27,1
16,2,27,2
16,3,27,3
16,4,27,4
17,1,28,1
17,2,28,2
17,3,29,1
18,1,30,1
18,2,30,2
18,3,30,3
22,0,32,1
23,0,32,2
24,0,32,3
26,0,32,4
22,0,33,1
24,0,33,2
30,0,33,3
26,0,33,4
22,0,34,1
24,0,34,2
28,0,34,3
26,0,34,4
25,0,35,1
23,0,35,2
24,0,35,3
29,0,35,4
22,0,36,1
24,0,36,2
24,0,36,3
27,0,36,4
22,0,37,1
24,0,37,2
30,0,37,3
27,0,37,4
22,0,38,1
24,0,38,2
28,0,38,3
27,0,38,4
25,0,39,1
23,0,39,2
24,0,39,3
27,0,39,4
32,1,41,1
32,2,41,2
32,3,41,3
32,4,41,4
33,1,42,1
33,2,42,2
33,3,42,3
33,4,42,4
34,1,43,1
34,2,43,2
34,3,43,3
34,4,43,4
35,1,44,1
35,2,44,2
35,3,44,3
35,4,44,4
36,1,45,1
36,2,45,2
36,3,45,3
36,4,45,4
37,1,46,1
37,2,46,2
37,3,46,3
37,4,46,4
38,1,47,1
38,2,47,2
38,3,47,3
38,4,47,4
39,1,48,1
39,2,48,2
39,3,48,3
39,4,48,4
41,1,50,1
42,2,50,2
43,1,51,1
44,2,51,2
45,1,52,1
46,2,52,2
47,1,53,1
48,2,53,2
42,1,54,1
41,2,54,2
44,1,55,1
43,2,55,2
46,1,56,1
45,2,56,2
48,1,57,1
47,2,57,2
50,1,59,1
51,1,59,2
52,1,60,1
53,1,60,2
54,1,61,1
55,1,61,2
56,1,62,1
57,1,62,2
59,1,64,1
60,1,64,2
61,1,65,1
62,1,65,2
64,2,67,1
65,2,67,2
64,1,69,1
65,1,69,2
73,0,77,1
74,0,77,2
74,0,77,3
74,0,77,4
75,0,77,5
75,0,77,6
73,0,78,1
73,0,78,2
73,0,78,3
73,0,78,4
73,0,78,5
74,0,79,1
74,0,79,2
74,0,79,3
74,0,79,4
74,0,79,5
74,0,79,6
74,0,79,7
74,0,79,8
75,0,79,9
75,0,79,10
75,0,79,11
75,0,79,12
75,0,79,13
75,0,79,14
75,0,79,15
79,0,81,1
79,0,81,2
79,0,81,3
79,0,81,4
79,0,81,5
79,0,81,6
79,0,81,7
79,0,81,8
79,0,81,9
79,0,81,10
79,0,81,11
77,1,83,1
77,2,83,2
77,3,83,3
77,4,83,4
77,5,83,5
77,6,83,6
86,0,91,1
87,0,91,2
88,0,91,3
89,0,91,4
86,0,92,1
87,0,92,2
88,0,92,3
89,0,92,4
86,0,93,1
87,0,93,2
88,0,93,3
89,0,93,4
86,0,94,1
87,0,94,2
88,0,94,3
89,0,94,4
91,1,96,1
92,2,96,2
93,1,97,1
94,2,97,2
92,1,98,1
91,2,98,2
94,1,99,1
93,2,99,2
96,1,101,1
97,1,101,2
98,1,102,1
99,1,102,2
101,1,104,1
102,1,104,2
107,0,111,1
108,0,111,2
108,0,111,3
108,0,111,4
109,0,111,5
109,0,111,6
107,0,112,1
107,0,112,2
107,0,112,3
107,0,112,4
107,0,112,5
108,0,113,1
108,0,113,2
108,0,113,3
108,0,113,4
108,0,113,5
108,0,113,6
108,0,113,7
108,0,113,8
109,0,113,9
109,0,113,10
109,0,113,11
109,0,113,12
109,0,113,13
109,0,113,14
109,0,113,15
113,0,115,1
113,0,115,2
113,0,115,3
113,0,115,4
113,0,115,5
113,0,115,6
113,0,115,7
113,0,115,8
113,0,115,9
111,1,117,1
111,2,117,2
111,3,117,3
111,4,117,4
111,5,117,5
111,6,117,6
125,1,127,1
125,2,127,2
125,3,127,3
125,4,127,4
125,5,127,5
125,6,127,6
125,7,127,7
125,8,127,8
125,9,127,9
125,10,127,10
125,11,127,11
125,12,127,12
125,13,127,13
125,14,127,14
125,15,127,15
125,16,127,16
125,17,127,17
125,18,127,18
125,19,127,19
125,20,127,20
127,1,129,1
127,2,129,2
127,3,129,3
127,4,129,4
127,5,129,5
127,6,129,6
127,7,129,7
127,8,129,8
127,9,129,9
127,10,129,10
127,11,130,1
127,12,130,2
127,13,130,3
127,14,130,4
127,15,130,5
127,16,130,6
127,17,130,7
127,18,130,8
127,19,130,9
127,20,130,10
130,0,132,1
129,0,132,2
130,0,133,1
129,0,133,2
130,0,134,1
129,0,134,2
130,0,135,1
129,0,135,2
130,0,136,1
129,0,136,2
130,0,137,1
129,0,137,2
130,0,138,1
129,0,138,2
130,0,139,1
129,0,139,2
130,0,140,1
129,0,140,2
130,0,141,1
129,0,141,2
123,1,143,1
124,1,144,1
124,2,144,2
124,3,144,3
124,4,144,4
124,5,144,5
124,6,144,6
124,7,144,7
124,8,144,8
124,9,144,9
124,10,144,10
124,11,144,11
124,12,144,12
124,13,144,13
124,14,144,14
124,15,144,15
124,16,144,16
124,17,144,17
124,18,144,18
124,19,144,19
124,20,144,20
124,21,144,21
132,1,144,22
133,1,144,23
134,1,144,24
135,1,144,25
136,1,144,26
137,1,144,27
138,1,144,28
139,1,144,29
140,1,144,30
141,1,144,31
143,1,146,1
144,1,146,2
144,2,146,3
144,3,146,4
144,4,146,5
144,5,146,6
144,6,146,7
144,7,146,8
144,8,147,1
144,9,147,2
144,10,147,3
144,11,147,4
144,12,147,5
144,13,147,6
144,14,147,7
144,15,147,8
144,16,148,1
144,17,148,2
144,18,148,3
144,19,148,4
144,20,148,5
144,21,148,6
144,22,148,7
144,23,148,8
144,24,149,1
144,25,149,2
144,26,149,3
144,27,149,4
144,28,149,5
144,29,149,6
144,30,149,7
144,31,149,8
146,0,151,1
147,0,151,2
148,0,151,3
149,0,151,4
146,0,152,1
147,0,152,2
148,0,152,3
149,0,152,4
146,0,153,1
147,0,153,2
148,0,153,3
149,0,153,4
146,0,154,1
147,0,154,2
148,0,154,3
149,0,154,4
146,0,155,1
147,0,155,2
148,0,155,3
149,0,155,4
146,0,156,1
147,0,156,2
148,0,156,3
149,0,156,4
146,0,157,1
147,0,157,2
148,0,157,3
149,0,157,4
146,0,158,1
147,0,158,2
148,0,158,3
149,0,158,4
151,1,160,1
152,1,160,2
153,1,160,3
154,1,160,4
155,1,160,5
156,1,160,6
157,1,160,7
158,1,160,8
151,2,161,1
152,2,161,2
153,2,161,3
154,2,161,4
155,2,161,5
156,2,161,6
157,2,161,7
158,2,161,8
161,0,163,1
160,0,163,2
161,0,164,1
160,0,164,2
161,0,165,1
160,0,165,2
161,0,166,1
160,0,166,2
161,0,167,1
160,0,167,2
161,0,168,1
160,0,168,2
161,0,169,1
160,0,169,2
161,0,170,1
160,0,170,2
163,1,172,1
164,1,172,2
165,1,172,3
166,1,172,4
167,1,172,5
168,1,172,6
169,1,172,7
170,1,172,8
172,1,174,1
172,2,174,2
172,3,175,1
172,4,175,2
172,5,176,1
172,6,176,2
172,7,177,1
172,8,177,2
174,1,179,1
175,1,179,2
176,1,179,3
177,1,179,4
179,1,181,1
179,2,181,2
179,3,182,1
179,4,182,2
181,1,184,1
182,1,184,2
189,1,191,1
189,2,191,2
189,3,191,3
189,4,191,4
189,5,191,5
189,6,191,6
189,7,191,7
189,8,191,8
189,9,191,9
189,10,191,10
189,11,191,11
189,12,191,12
189,13,191,13
189,14,191,14
189,15,191,15
189,16,191,16
189,17,191,17
189,18,191,18
189,19,191,19
189,20,191,20
189,21,191,21
189,22,191,22
189,23,191,23
189,24,191,24
189,25,191,25
189,26,191,26
189,27,191,27
189,28,191,28
189,29,191,29
189,30,191,30
189,31,191,31
189,32,191,32
189,33,191,33
189,34,191,34
189,35,191,35
189,36,191,36
189,37,191,37
189,38,191,38
189,39,191,39
189,40,191,40
189,41,191,41
189,42,191,42
189,43,191,43
189,44,191,44
191,1,193,1
191,2,193,2
191,3,193,3
191,4,193,4
191,5,193,5
191,6,193,6
191,7,193,7
191,8,193,8
191,9,193,9
191,10,193,10
191,11,193,11
191,12,193,12
191,13,193,13
191,14,193,14
191,15,193,15
191,16,193,16
191,17,193,17
191,18,193,18
191,19,193,19
191,20,193,20
191,21,193,21
191,22,193,22
191,23,194,1
191,24,194,2
191,25,194,3
191,26,194,4
191,27,194,5
191,28,194,6
191,29,194,7
191,30,194,8
191,31,194,9
191,32,194,10
191,33,194,11
191,34,194,12
191,35,194,13
191,36,194,14
191,37,194,15
191,38,194,16
191,39,194,17
191,40,194,18
191,41,194,19
191,42,194,20
191,43,194,21
191,44,194,22
193,0,196,1
194,0,196,2
193,0,197,1
194,0,197,2
193,0,198,1
194,0,198,2
193,0,199,1
194,0,199,2
193,0,200,1
194,0,200,2
193,0,201,1
194,0,201,2
193,0,202,1
194,0,202,2
193,0,203,1
194,0,203,2
193,0,204,1
194,0,204,2
193,0,205,1
194,0,205,2
193,0,206,1
194,0,206,2
193,0,207,1
194,0,207,2
193,0,208,1
194,0,208,2
193,0,209,1
194,0,209,2
193,0,210,1
194,0,210,2
193,0,211,1
194,0,211,2
193,0,212,1
194,0,212,2
193,0,213,1
194,0,213,2
193,0,214,1
194,0,214,2
193,0,215,1
194,0,215,2
193,0,216,1
194,0,216,2
193,0,217,1
194,0,217,2
187,1,219,1
188,1,220,1
188,2,220,2
188,3,220,3
188,4,220,4
188,5,220,5
188,6,220,6
188,7,220,7
188,8,220,8
188,9,220,9
188,10,220,10
188,11,220,11
188,12,220,12
188,13,220,13
188,14,220,14
188,15,220,15
196,1,220,16
197,1,220,17
198,1,220,18
199,1,220,19
200,1,220,20
201,1,220,21
202,1,220,22
203,1,220,23
204,1,220,24
205,1,220,25
206,1,220,26
207,1,220,27
208,1,220,28
209,1,220,29
210,1,220,30
211,1,220,31
212,1,220,32
213,1,220,33
214,1,220,34
215,1,220,35
216,1,220,36
217,1,220,37
132,2,220,38
133,2,220,39
134,2,220,40
135,2,220,41
136,2,220,42
137,2,220,43
138,2,220,44
139,2,220,45
140,2,220,46
141,2,220,47
219,1,222,1
220,1,222,2
220,2,222,3
220,3,222,4
220,4,222,5
220,5,222,6
220,6,222,7
220,7,222,8
220,8,222,9
220,9,222,10
220,10,222,11
220,11,222,12
220,12,223,1
220,13,223,2
220,14,223,3
220,15,223,4
220,16,223,5
220,17,223,6
220,18,223,7
220,19,223,8
220,20,223,9
220,21,223,10
220,22,223,11
220,23,223,12
220,24,224,1
220,25,224,2
220,26,224,3
220,27,224,4
220,28,224,5
220,29,224,6
220,30,224,7
220,31,224,8
220,32,224,9
220,33,224,10
220,34,224,11
220,35,224,12
220,36,225,1
220,37,225,2
220,38,225,3
220,39,225,4
220,40,225,5
220,41,225,6
220,42,225,7
220,43,225,8
220,44,225,9
220,45,225,10
220,46,225,11
220,47,225,12
222,0,227,1
223,0,227,2
224,0,227,3
225,0,227,4
222,0,228,1
223,0,228,2
224,0,228,3
225,0,228,4
222,0,229,1
223,0,229,2
224,0,229,3
225,0,229,4
222,0,230,1
223,0,230,2
224,0,230,3
225,0,230,4
222,0,231,1
223,0,231,2
224,0,231,3
225,0,231,4
222,0,232,1
223,0,232,2
224,0,232,3
225,0,232,4
222,0,233,1
223,0,233,2
224,0,233,3
225,0,233,4
222,0,234,1
223,0,234,2
224,0,234,3
225,0,234,4
222,0,235,1
223,0,235,2
224,0,235,3
225,0,235,4
222,0,236,1
223,0,236,2
224,0,236,3
225,0,236,4
222,0,237,1
223,0,237,2
224,0,237,3
225,0,237,4
222,0,238,1
223,0,238,2
224,0,238,3
225,0,238,4
151,3,240,1
152,3,240,2
153,3,240,3
154,3,240,4
155,3,240,5
156,3,240,6
157,3,240,7
158,3,240,8
227,1,242,1
228,1,242,2
229,1,242,3
230,1,242,4
231,1,242,5
232,1,242,6
233,1,242,7
234,1,242,8
235,1,242,9
236,1,242,10
237,1,242,11
238,1,242,12
240,1,242,13
240,2,242,14
240,3,242,15
240,4,242,16
227,2,243,1
228,2,243,2
229,2,243,3
230,2,243,4
231,2,243,5
232,2,243,6
233,2,243,7
234,2,243,8
235,2,243,9
236,2,243,10
237,2,243,11
238,2,243,12
240,5,243,13
240,6,243,14
240,7,243,15
240,8,243,16
243,0,245,1
242,0,245,2
243,0,246,1
242,0,246,2
243,0,247,1
242,0,247,2
243,0,248,1
242,0,248,2
243,0,249,1
242,0,249,2
243,0,250,1
242,0,250,2
243,0,251,1
242,0,251,2
243,0,252,1
242,0,252,2
243,0,253,1
242,0,253,2
243,0,254,1
242,0,254,2
243,0,255,1
242,0,255,2
243,0,256,1
242,0,256,2
243,0,257,1
242,0,257,2
243,0,258,1
242,0,258,2
243,0,259,1
242,0,259,2
243,0,260,1
242,0,260,2
245,1,262,1
246,1,262,2
247,1,262,3
248,1,262,4
249,1,262,5
250,1,262,6
251,1,262,7
252,1,262,8
253,1,262,9
254,1,262,10
255,1,262,11
256,1,262,12
257,1,262,13
258,1,262,14
259,1,262,15
260,1,262,16
262,1,264,1
262,2,264,2
262,3,265,1
262,4,265,2
262,5,266,1
262,6,266,2
262,7,267,1
262,8,267,2
262,9,268,1
262,10,268,2
262,11,269,1
262,12,269,2
262,13,270,1
262,14,270,2
262,15,271,1
262,16,271,2
264,1,273,1
265,1,273,2
266,1,273,3
267,1,273,4
268,1,273,5
269,1,273,6
270,1,273,7
271,1,273,8
273,1,275,1
273,2,275,2
273,3,276,1
273,4,276,2
273,5,277,1
273,6,277,2
273,7,278,1
273,8,278,2
275,1,280,1
276,1,280,2
277,1,280,3
278,1,280,4
280,1,282,1
280,2,282,2
280,3,283,1
280,4,283,2
282,1,285,1
283,1,285,2
289,7,291,1
289,9,291,2
289,8,292,1
289,10,292,2
289,1,294,1
291,1,294,2
289,2,295,1
292,1,295,2
289,3,296,1
289,6,296,2
289,4,297,1
289,5,297,2
294,1,299,1
297,1,299,2
295,1,300,1
296,1,300,2
299,1,302,1
300,1,302,2
309,1,311,1
309,16,311,2
309,2,312,1
309,15,312,2
309,3,313,1
309,14,313,2
309,4,314,1
309,13,314,2
309,5,315,1
309,12,315,2
309,6,316,1
309,11,316,2
309,7,317,1
309,10,317,2
309,8,318,1
309,9,318,2
311,1,320,1
318,1,320,2
312,1,321,1
317,1,321,2
313,1,322,1
316,1,322,2
314,1,323,1
315,1,323,2
320,1,325,1
323,1,325,2
321,1,326,1
322,1,326,2
325,1,328,1
326,1,328,2
331,1,333,1
331,2,333,2
331,3,333,3
331,4,333,4
331,5,333,5
331,6,333,6
337,5,339,1
337,12,339,2
337,6,340,1
337,11,340,2
337,7,341,1
337,10,341,2
337,8,342,1
337,9,342,2
337,1,344,1
342,1,344,2
337,2,345,1
341,1,345,2
337,3,346,1
340,1,346,2
337,4,347,1
339,1,347,2
344,1,349,1
347,1,349,2
345,1,350,1
346,1,350,2
349,1,352,1
350,1,352,2
362,1,364,1
362,2,364,2
362,3,364,3
362,4,364,4
362,5,364,5
362,6,364,6
362,7,364,7
362,8,364,8
362,9,364,9
362,10,364,10
362,11,364,11
362,12,364,12
362,13,364,13
362,14,364,14
362,15,364,15
362,16,364,16
362,17,364,17
362,18,364,18
362,19,364,19
362,20,364,20
362,21,364,21
362,22,364,22
362,23,364,23
362,24,364,24
364,1,366,1
364,2,366,2
364,3,367,1
364,4,367,2
364,5,368,1
364,6,368,2
364,7,369,1
364,8,369,2
364,9,370,1
364,10,370,2
364,11,371,1
364,12,371,2
364,13,372,1
364,14,372,2
364,15,373,1
364,16,373,2
366,2,375,1
366,1,375,2
367,2,376,1
367,1,376,2
368,2,377,1
368,1,377,2
369,2,378,1
369,1,378,2
370,2,379,1
370,1,379,2
371,2,380,1
371,1,380,2
372,2,381,1
372,1,381,2
373,2,382,1
373,1,382,2
364,17,384,25
364,18,384,26
364,19,384,27
364,20,384,28
364,21,384,29
364,22,384,30
364,23,384,31
364,24,384,32
375,1,384,33
376,1,384,34
377,1,384,35
378,1,384,36
379,1,384,37
380,1,384,38
381,1,384,39
382,1,384,40
384,1,386,1
384,2,386,2
384,3,387,1
384,4,387,2
384,5,388,1
384,6,388,2
384,7,389,1
384,8,389,2
384,9,390,1
384,10,390,2
384,11,391,1
384,12,391,2
384,13,392,1
384,14,392,2
384,15,393,1
384,16,393,2
384,17,394,1
384,18,394,2
384,19,395,1
384,20,395,2
384,21,396,1
384,22,396,2
384,23,397,1
384,24,397,2
384,25,398,1
384,26,398,2
384,27,399,1
384,28,399,2
384,29,400,1
384,30,400,2
384,31,401,1
384,32,401,2
384,33,402,1
384,34,402,2
384,35,403,1
384,36,403,2
384,37,404,1
384,38,404,2
384,39,405,1
384,40,405,2
386,2,407,1
386,1,407,2
387,2,408,1
387,1,408,2
388,2,409,1
388,1,409,2
389,2,410,1
389,1,410,2
390,2,411,1
390,1,411,2
391,2,412,1
391,1,412,2
392,2,413,1
392,1,413,2
393,2,414,1
393,1,414,2
394,2,415,1
394,1,415,2
395,2,416,1
395,1,416,2
396,2,417,1
396,1,417,2
397,2,418,1
397,1,418,2
398,2,419,1
398,1,419,2
399,2,420,1
399,1,420,2
400,2,421,1
400,1,421,2
401,2,422,1
401,1,422,2
402,2,423,1
402,1,423,2
403,2,424,1
403,1,424,2
404,2,425,1
404,1,425,2
405,2,426,1
405,1,426,2
407,1,428,45
408,1,428,46
409,1,428,47
410,1,428,48
411,1,428,49
412,1,428,50
413,1,428,51
414,1,428,52
415,1,428,53
416,1,428,54
417,1,428,55
418,1,428,56
419,1,428,57
420,1,428,58
421,1,428,59
422,1,428,60
423,1,428,61
424,1,428,62
425,1,428,63
426,1,428,64
428,1,430,1
428,2,430,2
428,3,431,1
428,4,431,2
428,5,432,1
428,6,432,2
428,7,433,1
428,8,433,2
428,9,434,1
428,10,434,2
428,11,435,1
428,12,435,2
428,13,436,1
428,14,436,2
428,15,437,1
428,16,437,2
428,17,438,1
428,18,438,2
428,19,439,1
428,20,439,2
428,21,440,1
428,22,440,2
428,23,441,1
428,24,441,2
428,25,442,1
428,26,442,2
428,27,443,1
428,28,443,2
428,29,444,1
428,30,444,2
428,31,445,1
428,32,445,2
428,33,446,1
428,34,446,2
428,35,447,1
428,36,447,2
428,37,448,1
428,38,448,2
428,39,449,1
428,40,449,2
428,41,450,1
428,42,450,2
428,43,451,1
428,44,451,2
428,45,452,1
428,46,452,2
428,47,453,1
428,48,453,2
428,49,454,1
428,50,454,2
428,51,455,1
428,52,455,2
428,53,456,1
428,54,456,2
428,55,457,1
428,56,457,2
428,57,458,1
428,58,458,2
428,59,459,1
428,60,459,2
428,61,460,1
428,62,460,2
428,63,461,1
428,64,461,2
430,2,463,1
430,1,463,2
431,2,464,1
431,1,464,2
432,2,465,1
432,1,465,2
433,2,466,1
433,1,466,2
434,2,467,1
434,1,467,2
435,2,468,1
435,1,468,2
436,2,469,1
436,1,469,2
437,2,470,1
437,1,470,2
438,2,471,1
438,1,471,2
439,2,472,1
439,1,472,2
440,2,473,1
440,1,473,2
441,2,474,1
441,1,474,2
442,2,475,1
442,1,475,2
443,2,476,1
443,1,476,2
444,2,477,1
444,1,477,2
445,2,478,1
445,1,478,2
446,2,479,1
446,1,479,2
447,2,480,1
447,1,480,2
448,2,481,1
448,1,481,2
449,2,482,1
449,1,482,2
450,2,483,1
450,1,483,2
451,2,484,1
451,1,484,2
452,2,485,1
452,1,485,2
453,2,486,1
453,1,486,2
454,2,487,1
454,1,487,2
455,2,488,1
455,1,488,2
456,2,489,1
456,1,489,2
457,2,490,1
457,1,490,2
458,2,491,1
458,1,491,2
459,2,492,1
459,1,492,2
460,2,493,1
460,1,493,2
461,2,494,1
461,1,494,2
463,1,496,1
464,1,496,2
465,1,496,3
466,1,496,4
467,1,496,5
468,1,496,6
469,1,496,7
470,1,496,8
471,1,496,9
472,1,496,10
473,1,496,11
474,1,496,12
475,1,496,13
476,1,496,14
477,1,496,15
478,1,496,16
479,1,496,17
480,1,496,18
481,1,496,19
482,1,496,20
483,1,496,21
484,1,496,22
485,1,496,23
486,1,496,24
487,1,496,25
488,1,496,26
489,1,496,27
490,1,496,28
491,1,496,29
492,1,496,30
493,1,496,31
494,1,496,32
496,1,498,1
496,2,498,2
496,3,499,1
496,4,499,2
496,5,500,1
496,6,500,2
496,7,501,1
496,8,501,2
496,9,502,1
496,10,502,2
496,11,503,1
496,12,503,2
496,13,504,1
496,14,504,2
496,15,505,1
496,16,505,2
496,17,506,1
496,18,506,2
496,19,507,1
496,20,507,2
496,21,508,1
496,22,508,2
496,23,509,1
496,24,509,2
496,25,510,1
496,26,510,2
496,27,511,1
496,28,511,2
496,29,512,1
496,30,512,2
496,31,513,1
496,32,513,2
498,2,515,1
498,1,515,2
499,2,516,1
499,1,516,2
500,2,517,1
500,1,517,2
501,2,518,1
501,1,518,2
502,2,519,1
502,1,519,2
503,2,520,1
503,1,520,2
504,2,521,1
504,1,521,2
505,2,522,1
505,1,522,2
506,2,523,1
506,1,523,2
507,2,524,1
507,1,524,2
508,2,525,1
508,1,525,2
509,2,526,1
509,1,526,2
510,2,527,1
510,1,527,2
511,2,528,1
511,1,528,2
512,2,529,1
512,1,529,2
513,2,530,1
513,1,530,2
515,1,532,1
516,1,532,2
517,1,532,3
518,1,532,4
519,1,532,5
520,1,532,6
521,1,532,7
522,1,532,8
523,1,532,9
524,1,532,10
525,1,532,11
526,1,532,12
527,1,532,13
528,1,532,14
529,1,532,15
530,1,532,16
532,1,534,1
532,2,534,2
532,3,535,1
532,4,535,2
532,5,536,1
532,6,536,2
532,7,537,1
532,8,537,2
532,9,538,1
532,10,538,2
532,11,539,1
532,12,539,2
532,13,540,1
532,14,540,2
532,15,541,1
532,16,541,2
534,2,543,1
534,1,543,2
535,2,544,1
535,1,544,2
536,2,545,1
536,1,545,2
537,2,546,1
537,1,546,2
538,2,547,1
538,1,547,2
539,2,548,1
539,1,548,2
540,2,549,1
540,1,549,2
541,2,550,1
541,1,550,2
543,1,552,1
544,1,552,2
545,1,552,3
546,1,552,4
547,1,552,5
548,1,552,6
549,1,552,7
550,1,552,8
552,1,554,1
552,2,554,2
552,3,555,1
552,4,555,2
552,5,556,1
552,6,556,2
552,7,557,1
552,8,557,2
554,1,559,1
555,1,559,2
556,1,559,3
557,1,559,4
559,1,561,1
559,2,561,2
559,3,562,1
559,4,562,2
561,1,564,1
562,1,564,2
567,1,570,1
567,2,570,2
567,3,570,3
567,4,570,4
567,5,570,5
567,6,570,6
567,7,570,7
567,8,570,8
567,9,570,9
567,10,570,10
567,11,570,11
567,12,570,12
567,13,570,13
567,14,570,14
567,15,570,15
567,16,570,16
567,17,570,17
567,18,570,18
567,19,570,19
567,20,570,20
567,21,570,21
567,22,570,22
567,23,570,23
567,24,570,24
567,25,570,25
567,26,570,26
567,27,570,27
567,28,570,28
567,29,570,29
567,30,570,30
567,31,570,31
567,32,570,32
567,33,570,33
567,34,570,34
567,35,570,35
567,36,570,36
567,37,570,37
567,38,570,38
567,39,570,39
567,40,570,40
567,41,570,41
567,42,570,42
567,43,570,43
567,44,570,44
567,45,570,45
567,46,570,46
567,47,570,47
567,48,570,48
567,49,570,49
567,50,570,50
567,51,570,51
567,52,570,52
567,53,570,53
567,54,570,54
567,55,570,55
567,56,570,56
567,57,570,57
567,58,570,58
567,59,570,59
567,60,570,60
567,61,570,61
567,62,570,62
567,63,570,63
567,64,570,64
567,65,570,65
567,66,570,66
567,67,570,67
567,68,570,68
567,69,570,69
567,70,570,70
567,71,570,71
567,72,570,72
570,1,572,1
570,2,572,2
570,3,573,1
570,4,573,2
570,5,574,1
570,6,574,2
570,7,575,1
570,8,575,2
570,9,576,1
570,10,576,2
570,11,577,1
570,12,577,2
570,13,578,1
570,14,578,2
570,15,579,1
570,16,579,2
570,17,580,1
570,18,580,2
570,19,581,1
570,20,581,2
570,21,582,1
570,22,582,2
570,23,583,1
570,24,583,2
570,25,584,1
570,26,584,2
570,27,585,1
570,28,585,2
570,29,586,1
570,30,586,2
570,31,587,1
570,32,587,2
570,33,588,1
570,34,588,2
570,35,589,1
570,36,589,2
570,37,590,1
570,38,590,2
570,39,591,1
570,40,591,2
570,41,592,1
570,42,592,2
570,43,593,1
570,44,593,2
570,45,594,1
570,46,594,2
570,47,595,1
570,48,595,2
570,49,596,1
570,50,596,2
570,51,597,1
570,52,597,2
570,53,598,1
570,54,598,2
570,55,599,1
570,56,599,2
570,57,600,1
570,58,600,2
570,59,601,1
570,60,601,2
570,61,602,1
570,62,602,2
570,63,603,1
570,64,603,2
570,65,604,1
570,66,604,2
570,67,605,1
570,68,605,2
570,69,606,1
570,70,606,2
570,71,607,1
570,72,607,2
568,9,609,1
568,10,609,2
568,11,609,3
568,12,609,4
568,13,609,5
568,14,609,6
568,15,609,7
568,16,609,8
568,17,609,9
568,18,609,10
568,19,609,11
568,20,609,12
572,1,609,13
573,1,609,14
574,1,609,15
575,1,609,16
576,1,609,17
577,1,609,18
578,1,609,19
579,1,609,20
580,1,609,21
581,1,609,22
582,1,609,23
583,1,609,24
584,1,609,25
585,1,609,26
586,1,609,27
587,1,609,28
588,1,609,29
589,1,609,30
590,1,609,31
591,1,609,32
592,1,609,33
593,1,609,34
594,1,609,35
595,1,609,36
596,1,609,37
597,1,609,38
598,1,609,39
599,1,609,40
600,1,609,41
601,1,609,42
602,1,609,43
603,1,609,44
604,1,609,45
605,1,609,46
606,1,609,47
607,1,609,48
609,1,611,1
609,2,611,2
609,3,612,1
609,4,612,2
609,5,613,1
609,6,613,2
609,7,614,1
609,8,614,2
609,9,615,1
609,10,615,2
609,11,616,1
609,12,616,2
609,13,617,1
609,14,617,2
609,15,618,1
609,16,618,2
609,17,619,1
609,18,619,2
609,19,620,1
609,20,620,2
609,21,621,1
609,22,621,2
609,23,622,1
609,24,622,2
609,25,623,1
609,26,623,2
609,27,624,1
609,28,624,2
609,29,625,1
609,30,625,2
609,31,626,1
609,32,626,2
609,33,627,1
609,34,627,2
609,35,628,1
609,36,628,2
609,37,629,1
609,38,629,2
609,39,630,1
609,40,630,2
609,41,631,1
609,42,631,2
609,43,632,1
609,44,632,2
609,45,633,1
609,46,633,2
609,47,634,1
609,48,634,2
568,1,636,1
568,2,636,2
568,3,636,3
568,4,636,4
568,5,636,5
568,6,636,6
568,7,636,7
568,8,636,8
611,1,636,9
612,1,636,10
613,1,636,11
614,1,636,12
615,1,636,13
616,1,636,14
617,1,636,15
618,1,636,16
619,1,636,17
620,1,636,18
621,1,636,19
622,1,636,20
623,1,636,21
624,1,636,22
625,1,636,23
626,1,636,24
627,1,636,25
628,1,636,26
629,1,636,27
630,1,636,28
631,1,636,29
632,1,636,30
633,1,636,31
634,1,636,32
636,1,638,1
636,2,638,2
636,3,639,1
636,4,639,2
636,5,640,1
636,6,640,2
636,7,641,1
636,8,641,2
636,9,642,1
636,10,642,2
636,11,643,1
636,12,643,2
636,13,644,1
636,14,644,2
636,15,645,1
636,16,645,2
636,17,646,1
636,18,646,2
636,19,647,1
636,20,647,2
636,21,648,1
636,22,648,2
636,23,649,1
636,24,649,2
636,25,650,1
636,26,650,2
636,27,651,1
636,28,651,2
636,29,652,1
636,30,652,2
636,31,653,1
636,32,653,2
638,1,655,1
639,1,655,2
640,1,655,3
641,1,655,4
642,1,655,5
643,1,655,6
644,1,655,7
645,1,655,8
646,1,655,9
647,1,655,10
648,1,655,11
649,1,655,12
650,1,655,13
651,1,655,14
652,1,655,15
653,1,655,16
655,1,657,1
655,2,657,2
655,3,658,1
655,4,658,2
655,5,659,1
655,6,659,2
655,7,660,1
655,8,660,2
655,9,661,1
655,10,661,2
655,11,662,1
655,12,662,2
655,13,663,1
655,14,663,2
655,15,664,1
655,16,664,2
657,1,666,1
658,1,666,2
659,1,666,3
660,1,666,4
661,1,666,5
662,1,666,6
663,1,666,7
664,1,666,8
666,1,668,1
666,2,668,2
666,3,669,1
666,4,669,2
666,5,670,1
666,6,670,2
666,7,671,1
666,8,671,2
668,1,673,1
669,1,673,2
670,1,673,3
671,1,673,4
673,1,675,1
673,2,675,2
673,3,676,1
673,4,676,2
675,1,678,1
676,1,678,2
681,1,683,1
681,2,683,2
681,3,683,3
681,4,683,4
681,5,683,5
681,6,683,6
681,7,683,7
681,8,683,8
681,9,683,9
681,10,683,10
681,11,683,11
681,12,683,12
681,13,683,13
681,14,683,14
681,15,683,15
681,16,683,16
681,17,683,17
681,18,683,18
681,19,683,19
681,20,683,20
681,21,683,21
681,22,683,22
681,23,683,23
681,24,683,24
681,25,683,25
681,26,683,26
681,27,683,27
681,28,683,28
681,29,683,29
681,30,683,30
681,31,683,31
681,32,683,32
681,33,683,33
681,34,683,34
681,35,683,35
681,36,683,36
681,37,683,37
681,38,683,38
681,39,683,39
681,40,683,40
681,41,683,41
681,42,683,42
681,43,683,43
681,44,683,44
681,45,683,45
681,46,683,46
681,47,683,47
681,48,683,48
683,1,685,1
683,2,685,2
683,3,685,3
683,4,685,4
683,5,685,5
683,6,685,6
683,7,685,7
683,8,685,8
683,25,686,1
683,26,686,2
683,27,686,3
683,28,686,4
683,29,686,5
683,30,686,6
683,31,686,7
683,32,686,8
683,9,689,1
683,10,689,2
683,11,690,1
683,12,690,2
683,13,691,1
683,14,691,2
683,15,692,1
683,16,692,2
683,17,694,1
683,18,694,2
683,19,695,1
683,20,695,2
683,21,696,1
683,22,696,2
683,23,697,1
683,24,697,2
683,33,699,1
683,34,699,2
683,35,700,1
683,36,700,2
683,37,701,1
683,38,701,2
683,39,702,1
683,40,702,2
683,41,704,1
683,42,704,2
683,43,705,1
683,44,705,2
683,45,706,1
683,46,706,2
683,47,707,1
683,48,707,2
685,1,709,1
685,2,709,2
685,3,709,3
685,4,709,4
685,5,709,5
685,6,709,6
685,7,709,7
685,8,709,8
689,1,709,9
690,1,709,10
691,1,709,11
692,1,709,12
694,1,709,13
695,1,709,14
696,1,709,15
697,1,709,16
686,1,710,1
686,2,710,2
686,3,710,3
686,4,710,4
686,5,710,5
686,6,710,6
686,7,710,7
686,8,710,8
699,1,710,9
700,1,710,10
701,1,710,11
702,1,710,12
704,1,710,13
705,1,710,14
706,1,710,15
707,1,710,16
709,1,713,1
709,2,713,2
709,3,714,1
709,4,714,2
709,5,715,1
709,6,715,2
709,7,716,1
709,8,716,2
709,9,717,1
709,10,717,2
709,11,718,1
709,12,718,2
709,13,719,1
709,14,719,2
709,15,720,1
709,16,720,2
710,1,722,1
710,2,722,2
710,3,723,1
710,4,723,2
710,5,724,1
710,6,724,2
710,7,725,1
710,8,725,2
710,9,726,1
710,10,726,2
710,11,727,1
710,12,727,2
710,13,728,1
710,14,728,2
710,15,729,1
710,16,729,2
713,1,731,1
714,1,731,2
715,1,731,3
716,1,731,4
717,1,731,5
718,1,731,6
719,1,731,7
720,1,731,8
722,1,732,1
723,1,732,2
724,1,732,3
725,1,732,4
726,1,732,5
727,1,732,6
728,1,732,7
729,1,732,8
731,1,735,1
731,2,735,2
731,3,736,1
731,4,736,2
731,5,737,1
731,6,737,2
731,7,738,1
731,8,738,2
732,1,740,1
732,2,740,2
732,3,741,1
732,4,741,2
732,5,742,1
732,6,742,2
732,7,743,1
732,8,743,2
735,1,745,1
736,1,745,2
737,1,745,3
738,1,745,4
740,1,746,1
741,1,746,2
742,1,746,3
743,1,746,4
745,1,749,1
745,2,749,2
745,3,750,1
745,4,750,2
746,1,752,1
746,2,752,2
746,3,753,1
746,4,753,2
749,1,755,1
750,1,755,2
752,1,756,1
753,1,756,2
755,1,758,1
756,1,758,2
764,6,775,1
764,3,775,2
764,5,776,1
764,4,776,2
776,1,778,1
775,1,778,2
767,6,783,1
767,3,783,2
767,5,784,1
767,4,784,2
784,1,786,1
783,1,786,2
770,7,791,1
770,4,791,2
770,6,792,1
770,5,792,2
792,1,794,1
791,1,794,2
802,1,804,1
802,2,804,2
802,3,804,3
802,4,804,4
802,5,804,5
802,6,804,6
802,7,804,7
802,8,804,8
802,9,804,9
802,10,804,10
802,11,804,11
802,12,804,12
802,13,804,13
802,14,804,14
802,15,804,15
802,16,804,16
802,17,804,17
802,18,804,18
802,19,804,19
802,20,804,20
804,1,806,1
804,2,806,2
804,3,807,1
804,4,807,2
804,5,808,1
804,6,808,2
804,7,809,1
804,8,809,2
804,9,810,1
804,10,810,2
804,11,811,1
804,12,811,2
804,13,812,1
804,14,812,2
804,15,813,1
804,16,813,2
801,1,815,1
801,2,815,2
801,3,815,3
801,4,815,4
801,5,815,5
801,6,815,6
801,7,815,7
801,8,815,8
801,9,815,9
801,10,815,10
801,11,815,11
801,12,815,12
801,13,815,13
801,14,815,14
801,15,815,15
801,16,815,16
801,17,815,17
801,18,815,18
801,19,815,19
801,20,815,20
804,17,815,21
804,18,815,22
804,19,815,23
804,20,815,24
806,1,815,25
807,1,815,26
808,1,815,27
809,1,815,28
810,1,815,29
811,1,815,30
812,1,815,31
813,1,815,32
815,1,817,1
815,2,817,2
815,3,818,1
815,4,818,2
815,5,819,1
815,6,819,2
815,7,820,1
815,8,820,2
815,9,821,1
815,10,821,2
815,11,822,1
815,12,822,2
815,13,823,1
815,14,823,2
815,15,824,1
815,16,824,2
815,17,825,1
815,18,825,2
815,19,826,1
815,20,826,2
815,21,827,1
815,22,827,2
815,23,828,1
815,24,828,2
815,25,829,1
815,26,829,2
815,27,830,1
815,28,830,2
815,29,831,1
815,30,831,2
815,31,832,1
815,32,832,2
817,1,834,1
818,1,834,2
819,1,834,3
820,1,834,4
821,1,834,5
822,1,834,6
823,1,834,7
824,1,834,8
825,1,834,9
826,1,834,10
827,1,834,11
828,1,834,12
829,1,834,13
830,1,834,14
831,1,834,15
832,1,834,16
834,1,836,1
834,2,836,2
834,3,837,1
834,4,837,2
834,5,838,1
834,6,838,2
834,7,839,1
834,8,839,2
834,9,840,1
834,10,840,2
834,11,841,1
834,12,841,2
834,13,842,1
834,14,842,2
834,15,843,1
834,16,843,2
836,1,845,1
837,1,845,2
838,1,845,3
839,1,845,4
840,1,845,5
841,1,845,6
842,1,845,7
843,1,845,8
845,1,847,1
845,2,847,2
845,3,848,1
845,4,848,2
845,5,849,1
845,6,849,2
845,7,850,1
845,8,850,2
847,1,852,1
848,1,852,2
849,1,852,3
850,1,852,4
852,1,854,1
852,2,854,2
852,3,855,1
852,4,855,2
854,1,857,1
855,1,857,2
861,1,863,1
861,2,863,2
861,3,863,3
861,4,863,4
861,5,863,5
861,6,863,6
861,7,863,7
861,8,863,8
861,9,863,9
861,10,863,10
861,11,863,11
861,12,863,12
861,13,863,13
861,14,863,14
861,15,863,15
861,16,863,16
861,17,863,17
861,18,863,18
861,19,863,19
861,20,863,20
863,1,865,1
863,2,865,2
863,3,866,1
863,4,866,2
863,5,867,1
863,6,867,2
863,7,868,1
863,8,868,2
863,9,869,1
863,10,869,2
863,11,870,1
863,12,870,2
863,13,871,1
863,14,871,2
863,15,872,1
863,16,872,2
860,1,874,1
860,2,874,2
860,3,874,3
860,4,874,4
860,5,874,5
860,6,874,6
860,7,874,7
860,8,874,8
860,9,874,9
860,10,874,10
860,11,874,11
860,12,874,12
860,13,874,13
860,14,874,14
860,15,874,15
860,16,874,16
860,17,874,17
860,18,874,18
860,19,874,19
860,20,874,20
863,17,874,21
863,18,874,22
863,19,874,23
863,20,874,24
865,1,874,25
866,1,874,26
867,1,874,27
868,1,874,28
869,1,874,29
870,1,874,30
871,1,874,31
872,1,874,32
874,1,876,1
874,2,876,2
874,3,877,1
874,4,877,2
874,5,878,1
874,6,878,2
874,7,879,1
874,8,879,2
874,9,880,1
874,10,880,2
874,11,881,1
874,12,881,2
874,13,882,1
874,14,882,2
874,15,883,1
874,16,883,2
874,17,884,1
874,18,884,2
874,19,885,1
874,20,885,2
874,21,886,1
874,22,886,2
874,23,887,1
874,24,887,2
874,25,888,1
874,26,888,2
874,27,889,1
874,28,889,2
874,29,890,1
874,30,890,2
874,31,891,1
874,32,891,2
876,1,893,1
877,1,893,2
878,1,893,3
879,1,893,4
880,1,893,5
881,1,893,6
882,1,893,7
883,1,893,8
884,1,893,9
885,1,893,10
886,1,893,11
887,1,893,12
888,1,893,13
889,1,893,14
890,1,893,15
891,1,893,16
893,1,895,1
893,2,895,2
893,3,896,1
893,4,896,2
893,5,897,1
893,6,897,2
893,7,898,1
893,8,898,2
893,9,899,1
893,10,899,2
893,11,900,1
893,12,900,2
893,13,901,1
893,14,901,2
893,15,902,1
893,16,902,2
895,1,904,1
896,1,904,2
897,1,904,3
898,1,904,4
899,1,904,5
900,1,904,6
901,1,904,7
902,1,904,8
904,1,906,1
904,2,906,2
904,3,907,1
904,4,907,2
904,5,908,1
904,6,908,2
904,7,909,1
904,8,909,2
906,1,911,1
907,1,911,2
908,1,911,3
909,1,911,4
911,1,913,1
911,2,913,2
911,3,914,1
911,4,914,2
913,1,916,1
914,1,916,2
922,3,927,1
919,18,927,2
932,1,935,1
932,2,935,2
932,3,935,3
932,4,935,4
932,5,935,5
932,6,935,6
932,7,935,7
932,8,935,8
932,9,935,9
932,10,935,10
932,11,935,11
932,12,935,12
932,13,935,13
932,14,935,14
932,15,935,15
932,16,935,16
932,17,935,17
932,18,935,18
933,1,935,19
933,2,935,20
933,3,935,21
933,4,935,22
933,5,935,23
933,6,935,24
933,7,935,25
933,8,935,26
933,9,935,27
933,10,935,28
935,1,937,1
935,2,937,2
935,3,938,1
935,4,938,2
935,5,939,1
935,6,939,2
935,7,940,1
935,8,940,2
935,9,941,1
935,10,941,2
935,11,942,1
935,12,942,2
935,13,943,1
935,14,943,2
935,15,944,1
935,16,944,2
935,17,945,1
935,18,945,2
935,19,946,1
935,20,946,2
935,21,947,1
935,22,947,2
935,23,948,1
935,24,948,2
935,25,949,1
935,26,949,2
935,27,950,1
935,28,950,2
931,1,952,1
931,2,952,2
931,3,952,3
931,4,952,4
931,5,952,5
931,6,952,6
931,7,952,7
931,8,952,8
931,9,952,9
931,10,952,10
931,11,952,11
931,12,952,12
931,13,952,13
931,14,952,14
931,15,952,15
931,16,952,16
931,17,952,17
931,18,952,18
937,1,952,19
938,1,952,20
939,1,952,21
940,1,952,22
941,1,952,23
942,1,952,24
943,1,952,25
944,1,952,26
945,1,952,27
946,1,952,28
947,1,952,29
948,1,952,30
949,1,952,31
950,1,952,32
952,1,954,1
952,2,954,2
952,3,955,1
952,4,955,2
952,5,956,1
952,6,956,2
952,7,957,1
952,8,957,2
952,9,958,1
952,10,958,2
952,11,959,1
952,12,959,2
952,13,960,1
952,14,960,2
952,15,961,1
952,16,961,2
952,17,962,1
952,18,962,2
952,19,963,1
952,20,963,2
952,21,964,1
952,22,964,2
952,23,965,1
952,24,965,2
952,25,966,1
952,26,966,2
952,27,967,1
952,28,967,2
952,29,968,1
952,30,968,2
952,31,969,1
952,32,969,2
954,1,971,1
955,1,971,2
956,1,971,3
957,1,971,4
958,1,971,5
959,1,971,6
960,1,971,7
961,1,971,8
962,1,971,9
963,1,971,10
964,1,971,11
965,1,971,12
966,1,971,13
967,1,971,14
968,1,971,15
969,1,971,16
971,1,973,1
971,2,973,2
971,3,974,1
971,4,974,2
971,5,975,1
971,6,975,2
971,7,976,1
971,8,976,2
971,9,977,1
971,10,977,2
971,11,978,1
971,12,978,2
971,13,979,1
971,14,979,2
971,15,980,1
971,16,980,2
973,1,982,1
974,1,982,2
975,1,982,3
976,1,982,4
977,1,982,5
978,1,982,6
979,1,982,7
980,1,982,8
982,1,984,1
982,2,984,2
982,3,985,1
982,4,985,2
982,5,986,1
982,6,986,2
982,7,987,1
982,8,987,2
984,1,989,1
985,1,989,2
986,1,989,3
987,1,989,4
989,1,991,1
989,2,991,2
989,3,992,1
989,4,992,2
991,1,994,1
992,1,994,2
997,16,1005,1
1000,3,1005,2
1000,16,1013,1
1008,3,1013,2
1016,1,1018,1
1016,2,1018,2
1022,11,1024,2
1022,6,1024,1
1022,7,1025,1
1022,10,1025,2
1022,8,1026,1
1022,9,1026,2
1022,5,1027,1
1022,12,1027,2
1024,2,1029,1
1024,1,1029,2
1025,2,1030,1
1025,1,1030,2
1026,2,1031,1
1026,1,1031,2
1027,2,1032,1
1027,1,1032,2
1022,1,1034,1
1029,1,1034,2
1022,2,1035,1
1030,1,1035,2
1022,3,1036,1
1031,1,1036,2
1022,4,1037,1
1032,1,1037,2
1034,2,1039,1
1034,1,1039,2
1035,2,1040,1
1035,1,1040,2
1036,2,1041,1
1036,1,1041,2
1037,2,1042,1
1037,1,1042,2
1039,1,1044,1
1042,1,1044,2
1040,1,1045,1
1041,1,1045,2
1044,1,1047,1
1045,1,1047,2
1058,1,1060,1
1058,2,1060,2
1058,3,1060,3
1058,4,1060,4
1058,5,1060,5
1058,6,1060,6
1058,7,1060,7
1058,8,1060,8
1058,9,1060,9
1058,10,1060,10
1058,11,1060,11
1058,12,1060,12
1058,13,1060,13
1058,14,1060,14
1058,15,1060,15
1058,16,1060,16
1058,17,1060,17
1058,18,1060,18
1058,19,1060,19
1058,20,1060,20
1058,21,1060,21
1058,22,1060,22
1060,19,1062,1
1060,20,1062,2
1060,21,1063,1
1060,22,1063,2
1057,9,1065,1
1060,1,1065,2
1060,16,1066,1
1063,1,1066,2
1057,13,1067,1
1060,5,1067,2
1057,20,1068,1
1060,12,1068,2
1057,12,1069,1
1060,4,1069,2
1060,13,1070,1
1060,18,1070,2
1057,16,1071,1
1060,8,1071,2
1057,17,1072,1
1060,9,1072,2
1057,10,1073,1
1060,2,1073,2
1060,15,1074,1
1062,1,1074,2
1057,14,1075,1
1060,6,1075,2
1057,19,1076,1
1060,11,1076,2
1057,11,1077,1
1060,3,1077,2
1060,14,1078,1
1060,17,1078,2
1057,15,1079,1
1060,7,1079,2
1057,18,1080,1
1060,10,1080,2
1065,1,1082,1
1066,1,1082,2
1067,1,1083,1
1068,1,1083,2
1069,1,1084,1
1070,1,1084,2
1071,1,1085,1
1072,1,1085,2
1073,1,1086,1
1074,1,1086,2
1075,1,1087,1
1076,1,1087,2
1077,1,1088,1
1078,1,1088,2
1079,1,1089,1
1080,1,1089,2
1057,1,1091,1
1089,1,1091,2
1057,8,1092,1
1082,1,1092,2
1057,4,1093,1
1086,1,1093,2
1057,5,1094,1
1085,1,1094,2
1057,2,1095,1
1088,1,1095,2
1057,7,1096,1
1083,1,1096,2
1057,3,1097,1
1087,1,1097,2
1057,6,1098,1
1084,1,1098,2
1091,1,1100,1
1092,1,1100,2
1093,1,1101,1
1094,1,1101,2
1095,1,1102,1
1096,1,1102,2
1097,1,1103,1
1098,1,1103,2
1100,1,1105,1
1101,1,1105,2
1102,1,1106,1
1103,1,1106,2
1105,1,1108,1
1106,1,1108,2
1114,6,1119,1
1114,7,1119,2
1114,5,1120,1
1114,8,1120,2
1119,1,1122,1
1114,3,1122,2
1120,1,1123,1
1114,4,1123,2
1122,1,1125,1
1123,1,1125,2
1129,15,1131,1
1129,18,1131,2
1129,16,1132,1
1129,17,1132,2
1129,1,1134,1
1131,1,1134,2
1129,2,1135,1
1132,1,1135,2
1129,3,1136,1
1129,14,1136,2
1129,4,1137,1
1129,13,1137,2
1129,5,1138,1
1129,12,1138,2
1129,6,1139,1
1129,11,1139,2
1129,7,1140,1
1129,10,1140,2
1129,8,1141,1
1129,9,1141,2
1134,1,1143,1
1141,1,1143,2
1135,1,1144,1
1140,1,1144,2
1136,1,1145,1
1139,1,1145,2
1137,1,1146,1
1138,1,1146,2
1143,1,1148,1
1146,1,1148,2
1144,1,1149,1
1145,1,1149,2
1148,1,1151,1
1149,1,1151,2
1158,1,1160,1
1158,16,1160,2
1158,2,1161,1
1158,15,1161,2
1158,3,1162,1
1158,14,1162,2
1158,4,1163,1
1158,13,1163,2
1158,5,1164,1
1158,12,1164,2
1158,6,1165,1
1158,11,1165,2
1158,7,1166,1
1158,10,1166,2
1158,8,1167,1
1158,9,1167,2
1160,1,1169,1
1167,1,1169,2
1161,1,1170,1
1166,1,1170,2
1162,1,1171,1
1165,1,1171,2
1163,1,1172,1
1164,1,1172,2
1169,1,1174,1
1172,1,1174,2
1170,1,1175,1
1171,1,1175,2
1174,1,1177,1
1175,1,1177,2
1184,1,1186,1
1184,16,1186,2
1184,2,1187,1
1184,15,1187,2
1184,3,1188,1
1184,14,1188,2
1184,4,1189,1
1184,13,1189,2
1184,5,1190,1
1184,12,1190,2
1184,6,1191,1
1184,11,1191,2
1184,7,1192,1
1184,10,1192,2
1184,8,1193,1
1184,9,1193,2
1186,1,1195,1
1193,1,1195,2
1187,1,1196,1
1192,1,1196,2
1188,1,1197,1
1191,1,1197,2
1189,1,1198,1
1190,1,1198,2
1195,1,1200,1
1198,1,1200,2
1196,1,1201,1
1197,1,1201,2
1200,1,1203,1
1201,1,1203,2
1206,1,1208,1
1206,2,1208,2
1206,3,1208,3
1206,4,1208,4
1206,5,1208,5
1206,6,1208,6
1206,7,1208,7
1206,8,1208,8
1206,9,1209,1
1206,10,1209,2
1206,11,1209,3
1206,12,1209,4
1206,13,1209,5
1206,14,1209,6
1206,15,1209,7
1206,16,1209,8
1213,1,1215,1
1213,16,1215,2
1213,2,1216,1
1213,15,1216,2
1213,3,1217,1
1213,14,1217,2
1213,4,1218,1
1213,13,1218,2
1213,5,1219,1
1213,12,1219,2
1213,6,1220,1
1213,11,1220,2
1213,7,1221,1
1213,10,1221,2
1213,8,1222,1
1213,9,1222,2
1215,1,1224,1
1222,1,1224,2
1216,1,1225,1
1221,1,1225,2
1217,1,1226,1
1220,1,1226,2
1218,1,1227,1
1219,1,1227,2
1224,1,1229,1
1227,1,1229,2
1225,1,1230,1
1226,1,1230,2
1229,1,1232,1
1230,1,1232,2
1239,1,1241,1
1239,16,1241,2
1239,2,1242,1
1239,15,1242,2
1239,3,1243,1
1239,14,1243,2
1239,4,1244,1
1239,13,1244,2
1239,5,1245,1
1239,12,1245,2
1239,6,1246,1
1239,11,1246,2
1239,7,1247,1
1239,10,1247,2
1239,8,1248,1
1239,9,1248,2
1241,1,1250,1
1248,1,1250,2
1242,1,1251,1
1247,1,1251,2
1243,1,1252,1
1246,1,1252,2
1244,1,1253,1
1245,1,1253,2
1250,1,1255,1
1253,1,1255,2
1251,1,1256,1
1252,1,1256,2
1255,1,1258,1
1256,1,1258,2
1265,5,1267,1
1265,12,1267,2
1265,6,1268,1
1265,11,1268,2
1265,7,1269,1
1265,10,1269,2
1265,8,1270,1
1265,9,1270,2
1267,2,1272,1
1267,1,1272,2
1268,2,1273,1
1268,1,1273,2
1269,2,1274,1
1269,1,1274,2
1270,2,1275,1
1270,1,1275,2
1265,1,1277,1
1272,1,1277,2
1265,2,1278,1
1273,1,1278,2
1265,3,1279,1
1274,1,1279,2
1265,4,1280,1
1275,1,1280,2
1277,2,1282,1
1277,1,1282,2
1278,2,1283,1
1278,1,1283,2
1279,2,1284,1
1279,1,1284,2
1280,2,1285,1
1280,1,1285,2
1282,1,1287,1
1285,1,1287,2
1283,1,1288,1
1284,1,1288,2
1287,1,1290,1
1288,1,1290,2
1293,1,1295,1
1293,2,1295,2
1293,3,1295,3
1293,4,1295,4
1293,5,1295,5
1293,6,1295,6
1293,7,1296,1
1293,8,1296,2
1293,9,1296,3
1293,10,1296,4
1293,11,1296,5
1293,12,1296,6
1304,1,1306,1
1304,2,1306,2
1304,3,1306,3
1304,4,1306,4
1304,5,1306,5
1304,6,1306,6
1304,7,1306,7
1304,8,1306,8
1304,9,1306,9
1304,10,1306,10
1304,11,1306,11
1304,12,1306,12
1304,13,1306,13
1304,14,1306,14
1304,15,1306,15
1304,16,1306,16
1304,17,1306,17
1304,18,1306,18
1304,19,1306,19
1304,20,1306,20
1304,21,1306,21
1304,22,1306,22
1306,3,1308,1
1306,4,1308,2
1306,5,1309,1
1306,6,1309,2
1306,7,1310,1
1306,8,1310,2
1306,9,1311,1
1306,10,1311,2
1306,11,1312,1
1306,12,1312,2
1306,13,1313,1
1306,14,1313,2
1306,15,1314,1
1306,16,1314,2
1306,17,1315,1
1306,18,1315,2
1306,19,1316,1
1306,20,1316,2
1306,21,1317,1
1306,22,1317,2
1303,1,1319,1
1306,1,1319,2
1303,8,1320,1
1312,1,1320,2
1303,9,1321,1
1311,1,1321,2
1303,16,1322,1
1303,17,1322,2
1303,4,1323,1
1316,1,1323,2
1303,5,1324,1
1315,1,1324,2
1303,12,1325,1
1308,1,1325,2
1303,13,1326,1
1303,20,1326,2
1303,2,1327,1
1306,2,1327,2
1303,7,1328,1
1313,1,1328,2
1303,10,1329,1
1310,1,1329,2
1303,15,1330,1
1303,18,1330,2
1303,3,1331,1
1317,1,1331,2
1303,6,1332,1
1314,1,1332,2
1303,11,1333,1
1309,1,1333,2
1303,14,1334,1
1303,19,1334,2
1319,1,1336,1
1320,1,1336,2
1321,1,1337,1
1322,1,1337,2
1323,1,1338,1
1324,1,1338,2
1325,1,1339,1
1326,1,1339,2
1327,1,1340,1
1328,1,1340,2
1329,1,1341,1
1330,1,1341,2
1331,1,1342,1
1332,1,1342,2
1333,1,1343,1
1334,1,1343,2
1336,1,1345,1
1337,1,1345,2
1338,1,1346,1
1339,1,1346,2
1340,1,1347,1
1341,1,1347,2
1342,1,1348,1
1343,1,1348,2
1345,1,1350,1
1346,1,1350,2
1347,1,1351,1
1348,1,1351,2
1350,1,1353,1
1351,1,1353,2
1359,6,1364,1
1359,3,1364,2
1359,5,1365,1
1359,4,1365,2
1365,1,1367,1
1364,1,1367,2
1371,1,1373,1
1371,16,1373,2
1371,2,1374,1
1371,15,1374,2
1371,3,1375,1
1371,14,1375,2
1371,4,1376,1
1371,13,1376,2
1371,5,1377,1
1371,12,1377,2
1371,6,1378,1
1371,11,1378,2
1371,7,1379,1
1371,10,1379,2
1371,8,1380,1
1371,9,1380,2
1373,1,1382,1
1380,1,1382,2
1374,1,1383,1
1379,1,1383,2
1375,1,1384,1
1378,1,1384,2
1376,1,1385,1
1377,1,1385,2
1382,1,1387,1
1385,1,1387,2
1383,1,1388,1
1384,1,1388,2
1387,1,1390,1
1388,1,1390,2
1397,7,1399,1
1397,10,1399,2
1397,8,1400,1
1397,9,1400,2
1397,1,1402,1
1399,1,1402,2
1397,2,1403,1
1400,1,1403,2
1397,3,1404,1
1397,6,1404,2
1397,4,1405,1
1397,5,1405,2
1402,1,1407,1
1405,1,1407,2
1403,1,1408,1
1404,1,1408,2
1407,1,1410,1
1408,1,1410,2
1421,0,1423,1
1427,0,1429,1
1427,0,1429,2
1427,0,1429,3
1427,0,1429,4
1427,0,1429,5
1427,0,1429,6
1427,0,1429,7
1427,0,1429,8
1427,0,1429,9
1427,0,1429,10
1427,0,1429,11
1427,0,1429,12
1427,0,1429,13
1427,0,1429,14
1427,0,1429,15
1427,0,1429,16
1427,0,1429,17
1427,0,1429,18
1427,0,1429,19
1429,1,1431,1
1429,2,1431,2
1429,3,1432,1
1429,4,1432,2
1429,5,1433,1
1429,6,1433,2
1429,7,1435,1
1431,1,1435,2
1429,8,1436,1
1432,1,1436,2
1429,9,1437,1
1433,1,1437,2
1429,10,1438,1
1429,11,1438,2
1429,12,1439,1
1429,13,1439,2
1429,14,1440,1
1429,15,1440,2
1429,16,1441,1
1429,17,1441,2
1429,18,1442,1
1429,19,1442,2
1435,1,1444,1
1441,1,1444,2
1437,1,1445,1
1440,1,1445,2
1436,1,1446,1
1442,1,1446,2
1439,1,1447,1
1438,1,1447,2
1445,1,1449,2
1444,1,1449,1
1446,1,1450,1
1447,1,1450,2
1449,1,1452,1
1450,1,1452,2
1455,4,1458,1
1455,5,1458,2
1456,4,1459,1
1456,5,1459,2
1458,1,1462,1
1455,1,1462,2
1455,3,1463,1
1455,2,1463,2
1459,1,1465,1
1456,1,1465,2
1456,3,1466,1
1456,2,1466,2
1462,1,1468,1
1463,1,1468,2
1465,1,1469,1
1466,1,1469,2
1468,2,1471,1
1468,1,1471,2
1469,2,1472,1
1469,1,1472,2
1471,1,1474,1
1472,1,1474,2
1474,1,1476,1
1474,2,1476,2
1480,8,1482,1
1480,1,1482,2
1480,7,1483,1
1480,2,1483,2
1480,6,1484,1
1480,3,1484,2
1480,5,1485,1
1480,4,1485,2
1482,1,1487,1
1483,1,1487,2
1484,1,1487,3
1485,1,1487,4
1487,4,1489,1
1487,1,1489,2
1487,3,1490,1
1487,2,1490,2
1489,1,1492,1
1490,1,1492,2
1492,2,1494,1
1492,1,1494,2
1497,8,1499,1
1497,1,1499,2
1497,7,1500,1
1497,2,1500,2
1497,6,1501,1
1497,3,1501,2
1497,5,1502,1
1497,4,1502,2
1499,1,1504,1
1500,1,1504,2
1501,1,1504,3
1502,1,1504,4
1504,4,1506,1
1504,1,1506,2
1504,3,1507,1
1504,2,1507,2
1506,1,1509,1
1507,1,1509,2
1509,2,1511,1
1509,1,1511,2
1518,0,1520,1
1524,3,1526,1
1524,6,1526,2
1524,4,1527,1
1524,5,1527,2
1526,1,1529,1
1527,1,1529,2
1524,1,1531,1
1529,2,1531,2
1524,2,1532,1
1529,1,1532,2
1531,1,1534,1
1532,1,1534,2
1534,1,1536,1
1534,2,1536,2
1540,1,1542,1
1540,2,1542,2
1540,3,1542,3
1540,4,1542,4
1540,5,1542,5
1540,6,1542,6
1540,7,1543,1
1540,8,1543,2
1540,9,1543,3
1540,10,1543,4
1540,11,1543,5
1540,12,1543,6
1547,3,1549,1
1547,14,1549,2
1547,4,1550,1
1547,13,1550,2
1547,5,1551,1
1547,12,1551,2
1547,6,1552,1
1547,11,1552,2
1547,7,1553,1
1547,10,1553,2
1547,8,1554,1
1547,9,1554,2
1547,1,1556,1
1552,1,1556,2
1549,1,1557,1
1554,1,1557,2
1550,1,1558,1
1553,1,1558,2
1547,2,1559,1
1551,1,1559,2
1556,1,1561,1
1559,1,1561,2
1557,1,1562,1
1558,1,1562,2
1561,1,1564,1
1562,1,1564,2
1570,1,1572,1
1570,8,1572,2
1570,2,1573,1
1570,7,1573,2
1570,3,1574,1
1570,6,1574,2
1570,4,1575,1
1570,5,1575,2
1572,1,1577,1
1575,1,1577,2
1573,1,1578,1
1574,1,1578,2
1577,1,1580,1
1578,1,1580,2
1584,5,1586,1
1584,8,1586,2
1584,9,1586,3
1584,12,1586,4
1584,13,1586,5
1584,16,1586,6
1584,17,1586,7
1584,6,1587,1
1584,7,1587,2
1584,10,1587,3
1584,11,1587,4
1584,14,1587,5
1584,15,1587,6
1584,18,1587,7
1586,2,1589,1
1587,3,1589,2
1586,3,1590,1
1587,2,1590,2
1586,1,1592,1
1584,3,1592,2
1587,1,1593,1
1584,4,1593,2
1584,1,1594,1
1589,1,1594,2
1584,2,1595,1
1590,1,1595,2
1592,1,1597,1
1593,1,1597,2
1594,1,1598,1
1595,1,1598,2
1597,1,1600,1
1598,1,1600,2
1610,1,1613,1
1610,2,1613,2
1610,3,1613,3
1610,4,1614,1
1610,5,1614,2
1610,6,1614,3
1610,7,1615,1
1610,8,1615,2
1610,9,1615,3
1610,10,1616,1
1611,1,1616,2
1611,2,1616,3
1613,0,1618,1
1614,0,1618,2
1615,0,1618,3
1616,0,1618,4
1613,0,1619,1
1614,0,1619,2
1615,0,1619,3
1616,0,1619,4
1613,0,1620,1
1614,0,1620,2
1615,0,1620,3
1616,0,1620,4
1618,3,1622,1
1619,3,1622,2
1620,3,1622,3
1622,1,1624,1
1622,2,1624,2
1618,1,1626,1
1624,0,1626,2
1618,2,1627,1
1620,2,1627,2
1619,1,1628,1
1624,0,1628,2
1620,1,1629,1
1619,2,1629,2
1626,1,1631,1
1627,1,1631,2
1628,1,1632,1
1629,1,1632,2
1631,2,1634,1
1632,2,1634,2
1631,1,1636,1
1632,1,1636,2
1639,1,1641,1
1639,5,1641,2
1639,9,1641,3
1639,13,1641,4
1639,2,1642,1
1639,6,1642,2
1639,10,1642,3
1639,14,1642,4
1639,3,1643,1
1639,7,1643,2
1639,11,1643,3
1639,15,1643,4
1639,4,1644,1
1639,8,1644,2
1639,12,1644,3
1639,16,1644,4
1641,1,1646,1
1641,2,1646,2
1642,1,1646,3
1642,2,1646,4
1643,1,1646,5
1643,2,1646,6
1644,1,1646,7
1644,2,1646,8
1646,8,1648,1
1646,1,1648,2
1646,7,1649,1
1646,2,1649,2
1646,6,1650,1
1646,3,1650,2
1646,5,1651,1
1646,4,1651,2
1648,1,1653,1
1649,1,1653,2
1650,1,1653,3
1651,1,1653,4
1653,4,1655,1
1653,1,1655,2
1653,3,1656,1
1653,2,1656,2
1655,1,1658,1
1656,1,1658,2
1658,1,1660,2
1658,2,1660,1
1664,1,1666,1
1664,16,1666,2
1664,2,1667,1
1664,15,1667,2
1664,3,1668,1
1664,14,1668,2
1664,4,1669,1
1664,13,1669,2
1664,5,1670,1
1664,12,1670,2
1664,6,1671,1
1664,11,1671,2
1664,7,1672,1
1664,10,1672,2
1664,8,1673,1
1664,9,1673,2
1666,1,1675,1
1673,1,1675,2
1667,1,1676,1
1672,1,1676,2
1668,1,1677,1
1671,1,1677,2
1669,1,1678,1
1670,1,1678,2
1675,1,1680,1
1678,1,1680,2
1676,1,1681,1
1677,1,1681,2
1680,1,1683,1
1681,1,1683,2
1694,8,1696,1
1694,1,1696,2
1694,7,1697,1
1694,2,1697,2
1694,6,1698,1
1694,3,1698,2
1694,5,1699,1
1694,4,1699,2
1696,1,1701,1
1697,1,1701,2
1698,1,1701,3
1699,1,1701,4
1701,4,1703,1
1701,1,1703,2
1701,3,1704,1
1701,2,1704,2
1703,1,1706,1
1704,1,1706,2
1706,2,1708,1
1706,1,1708,2
1711,8,1713,1
1711,1,1713,2
1711,7,1714,1
1711,2,1714,2
1711,6,1715,1
1711,3,1715,2
1711,5,1716,1
1711,4,1716,2
1713,1,1718,1
1714,1,1718,2
1715,1,1718,3
1716,1,1718,4
1718,4,1720,1
1718,1,1720,2
1718,3,1721,1
1718,2,1721,2
1720,1,1723,1
1721,1,1723,2
1723,2,1725,1
1723,1,1725,2
1729,1,1731,1
1729,3,1731,2
1729,5,1731,3
1729,7,1731,4
1729,2,1732,1
1729,4,1732,2
1729,6,1732,3
1729,8,1732,4
1731,1,1734,1
1732,1,1734,2
1734,2,1736,1
1734,1,1736,2
1739,1,1741,1
1739,3,1741,2
1739,5,1741,3
1739,7,1741,4
1739,2,1742,1
1739,4,1742,2
1739,6,1742,3
1739,8,1742,4
1741,1,1744,1
1742,1,1744,2
1744,2,1746,1
1744,1,1746,2
1750,0,1752,1
