3,0
3,1
3,2
3,3
3,4
3,5
3,6
3,7
5,0
5,1
5,2
5,3
6,0
6,1
6,2
6,3
8,0
8,1
9,0
9,1
11,0
11,1
13,0
13,1
16,0
16,1
16,2
16,3
17,0
17,1
17,2
18,0
18,1
18,2
19,0
19,1
19,2
19,3
19,4
19,5
19,6
19,7
19,8
19,9
19,10
19,11
19,12
19,13
19,14
19,15
19,16
19,17
20,0
20,1
20,2
20,3
20,4
22,0
22,1
22,2
22,3
22,4
22,5
23,0
23,1
23,2
24,0
24,1
24,2
24,3
24,4
24,5
24,6
24,7
24,8
25,0
25,1
26,0
26,1
26,2
27,0
27,1
27,2
27,3
28,0
28,1
29,0
30,0
30,1
30,2
32,0
32,1
32,2
32,3
33,0
33,1
33,2
33,3
34,0
34,1
34,2
34,3
35,0
35,1
35,2
35,3
36,0
36,1
36,2
36,3
37,0
37,1
37,2
37,3
38,0
38,1
38,2
38,3
39,0
39,1
39,2
39,3
41,0
41,1
41,2
41,3
42,0
42,1
42,2
42,3
43,0
43,1
43,2
43,3
44,0
44,1
44,2
44,3
45,0
45,1
45,2
45,3
46,0
46,1
46,2
46,3
47,0
47,1
47,2
47,3
48,0
48,1
48,2
48,3
50,0
50,1
51,0
51,1
52,0
52,1
53,0
53,1
54,0
54,1
55,0
55,1
56,0
56,1
57,0
57,1
59,0
59,1
60,0
60,1
61,0
61,1
62,0
62,1
64,0
64,1
65,0
65,1
67,0
67,1
69,0
69,1
73,0
73,1
73,2
73,3
73,4
73,5
74,0
74,1
74,2
74,3
74,4
74,5
74,6
74,7
74,8
74,9
74,10
75,0
75,1
75,2
75,3
75,4
75,5
75,6
75,7
75,8
75,9
77,0
77,1
77,2
77,3
77,4
77,5
78,0
78,1
78,2
78,3
78,4
79,0
79,1
79,2
79,3
79,4
79,5
79,6
79,7
79,8
79,9
79,10
79,11
79,12
79,13
79,14
81,0
81,1
81,2
81,3
81,4
81,5
81,6
81,7
81,8
81,9
81,10
83,0
83,1
83,2
83,3
83,4
83,5
86,0
86,1
86,2
86,3
87,0
87,1
87,2
87,3
88,0
88,1
88,2
88,3
89,0
89,1
89,2
89,3
91,0
91,1
91,2
91,3
92,0
92,1
92,2
92,3
93,0
93,1
93,2
93,3
94,0
94,1
94,2
94,3
96,0
96,1
97,0
97,1
98,0
98,1
99,0
99,1
101,0
101,1
102,0
102,1
104,0
104,1
107,0
107,1
107,2
107,3
107,4
107,5
108,0
108,1
108,2
108,3
108,4
108,5
108,6
108,7
108,8
108,9
108,10
109,0
109,1
109,2
109,3
109,4
109,5
109,6
109,7
109,8
109,9
111,0
111,1
111,2
111,3
111,4
111,5
112,0
112,1
112,2
112,3
112,4
113,0
113,1
113,2
113,3
113,4
113,5
113,6
113,7
113,8
113,9
113,10
113,11
113,12
113,13
113,14
115,0
115,1
115,2
115,3
115,4
115,5
115,6
115,7
115,8
117,0
117,1
117,2
117,3
117,4
117,5
120,0
120,1
123,0
124,0
124,1
124,2
124,3
124,4
124,5
124,6
124,7
124,8
124,9
124,10
124,11
124,12
124,13
124,14
124,15
124,16
124,17
124,18
124,19
124,20
125,0
125,1
125,2
125,3
125,4
125,5
125,6
125,7
125,8
125,9
125,10
125,11
125,12
125,13
125,14
125,15
125,16
125,17
125,18
125,19
127,0
127,1
127,2
127,3
127,4
127,5
127,6
127,7
127,8
127,9
127,10
127,11
127,12
127,13
127,14
127,15
127,16
127,17
127,18
127,19
129,0
129,1
129,2
129,3
129,4
129,5
129,6
129,7
129,8
129,9
130,0
130,1
130,2
130,3
130,4
130,5
130,6
130,7
130,8
130,9
132,0
132,1
133,0
133,1
134,0
134,1
135,0
135,1
136,0
136,1
137,0
137,1
138,0
138,1
139,0
139,1
140,0
140,1
141,0
141,1
143,0
144,0
144,1
144,2
144,3
144,4
144,5
144,6
144,7
144,8
144,9
144,10
144,11
144,12
144,13
144,14
144,15
144,16
144,17
144,18
144,19
144,20
144,21
144,22
144,23
144,24
144,25
144,26
144,27
144,28
144,29
144,30
146,0
146,1
146,2
146,3
146,4
146,5
146,6
146,7
147,0
147,1
147,2
147,3
147,4
147,5
147,6
147,7
148,0
148,1
148,2
148,3
148,4
148,5
148,6
148,7
149,0
149,1
149,2
149,3
149,4
149,5
149,6
149,7
151,0
151,1
151,2
151,3
152,0
152,1
152,2
152,3
153,0
153,1
153,2
153,3
154,0
154,1
154,2
154,3
155,0
155,1
155,2
155,3
156,0
156,1
156,2
156,3
157,0
157,1
157,2
157,3
158,0
158,1
158,2
158,3
160,0
160,1
160,2
160,3
160,4
160,5
160,6
160,7
161,0
161,1
161,2
161,3
161,4
161,5
161,6
161,7
163,0
163,1
164,0
164,1
165,0
165,1
166,0
166,1
167,0
167,1
168,0
168,1
169,0
169,1
170,0
170,1
172,0
172,1
172,2
172,3
172,4
172,5
172,6
172,7
174,0
174,1
175,0
175,1
176,0
176,1
177,0
177,1
179,0
179,1
179,2
179,3
181,0
181,1
182,0
182,1
184,0
184,1
187,0
188,0
188,1
188,2
188,3
188,4
188,5
188,6
188,7
188,8
188,9
188,10
188,11
188,12
188,13
188,14
189,0
189,1
189,2
189,3
189,4
189,5
189,6
189,7
189,8
189,9
189,10
189,11
189,12
189,13
189,14
189,15
189,16
189,17
189,18
189,19
189,20
189,21
189,22
189,23
189,24
189,25
189,26
189,27
189,28
189,29
189,30
189,31
189,32
189,33
189,34
189,35
189,36
189,37
189,38
189,39
189,40
189,41
189,42
189,43
191,0
191,1
191,2
191,3
191,4
191,5
191,6
191,7
191,8
191,9
191,10
191,11
191,12
191,13
191,14
191,15
191,16
191,17
191,18
191,19
191,20
191,21
191,22
191,23
191,24
191,25
191,26
191,27
191,28
191,29
191,30
191,31
191,32
191,33
191,34
191,35
191,36
191,37
191,38
191,39
191,40
191,41
191,42
191,43
193,0
193,1
193,2
193,3
193,4
193,5
193,6
193,7
193,8
193,9
193,10
193,11
193,12
193,13
193,14
193,15
193,16
193,17
193,18
193,19
193,20
193,21
194,0
194,1
194,2
194,3
194,4
194,5
194,6
194,7
194,8
194,9
194,10
194,11
194,12
194,13
194,14
194,15
194,16
194,17
194,18
194,19
194,20
194,21
196,0
196,1
197,0
197,1
198,0
198,1
199,0
199,1
200,0
200,1
201,0
201,1
202,0
202,1
203,0
203,1
204,0
204,1
205,0
205,1
206,0
206,1
207,0
207,1
208,0
208,1
209,0
209,1
210,0
210,1
211,0
211,1
212,0
212,1
213,0
213,1
214,0
214,1
215,0
215,1
216,0
216,1
217,0
217,1
219,0
220,0
220,1
220,2
220,3
220,4
220,5
220,6
220,7
220,8
220,9
220,10
220,11
220,12
220,13
220,14
220,15
220,16
220,17
220,18
220,19
220,20
220,21
220,22
220,23
220,24
220,25
220,26
220,27
220,28
220,29
220,30
220,31
220,32
220,33
220,34
220,35
220,36
220,37
220,38
220,39
220,40
220,41
220,42
220,43
220,44
220,45
220,46
222,0
222,1
222,2
222,3
222,4
222,5
222,6
222,7
222,8
222,9
222,10
222,11
223,0
223,1
223,2
223,3
223,4
223,5
223,6
223,7
223,8
223,9
223,10
223,11
224,0
224,1
224,2
224,3
224,4
224,5
224,6
224,7
224,8
224,9
224,10
224,11
225,0
225,1
225,2
225,3
225,4
225,5
225,6
225,7
225,8
225,9
225,10
225,11
227,0
227,1
227,2
227,3
228,0
228,1
228,2
228,3
229,0
229,1
229,2
229,3
230,0
230,1
230,2
230,3
231,0
231,1
231,2
231,3
232,0
232,1
232,2
232,3
233,0
233,1
233,2
233,3
234,0
234,1
234,2
234,3
235,0
235,1
235,2
235,3
236,0
236,1
236,2
236,3
237,0
237,1
237,2
237,3
238,0
238,1
238,2
238,3
240,0
240,1
240,2
240,3
240,4
240,5
240,6
240,7
242,0
242,1
242,2
242,3
242,4
242,5
242,6
242,7
242,8
242,9
242,10
242,11
242,12
242,13
242,14
242,15
243,0
243,1
243,2
243,3
243,4
243,5
243,6
243,7
243,8
243,9
243,10
243,11
243,12
243,13
243,14
243,15
245,0
245,1
246,0
246,1
247,0
247,1
248,0
248,1
249,0
249,1
250,0
250,1
251,0
251,1
252,0
252,1
253,0
253,1
254,0
254,1
255,0
255,1
256,0
256,1
257,0
257,1
258,0
258,1
259,0
259,1
260,0
260,1
262,0
262,1
262,2
262,3
262,4
262,5
262,6
262,7
262,8
262,9
262,10
262,11
262,12
262,13
262,14
262,15
264,0
264,1
265,0
265,1
266,0
266,1
267,0
267,1
268,0
268,1
269,0
269,1
270,0
270,1
271,0
271,1
273,0
273,1
273,2
273,3
273,4
273,5
273,6
273,7
275,0
275,1
276,0
276,1
277,0
277,1
278,0
278,1
280,0
280,1
280,2
280,3
282,0
282,1
283,0
283,1
285,0
285,1
289,0
289,1
289,2
289,3
289,4
289,5
289,6
289,7
289,8
289,9
291,0
291,1
292,0
292,1
294,0
294,1
295,0
295,1
296,0
296,1
297,0
297,1
299,0
299,1
300,0
300,1
302,0
302,1
305,0
305,1
305,2
305,3
305,4
305,5
305,6
305,7
305,8
305,9
309,0
309,1
309,2
309,3
309,4
309,5
309,6
309,7
309,8
309,9
309,10
309,11
309,12
309,13
309,14
309,15
311,0
311,1
312,0
312,1
313,0
313,1
314,0
314,1
315,0
315,1
316,0
316,1
317,0
317,1
318,0
318,1
320,0
320,1
321,0
321,1
322,0
322,1
323,0
323,1
325,0
325,1
326,0
326,1
328,0
328,1
331,0
331,1
331,2
331,3
331,4
331,5
331,6
331,7
331,8
331,9
331,10
331,11
331,12
331,13
331,14
331,15
333,0
333,1
333,2
333,3
333,4
333,5
337,0
337,1
337,2
337,3
337,4
337,5
337,6
337,7
337,8
337,9
337,10
337,11
339,0
339,1
340,0
340,1
341,0
341,1
342,0
342,1
344,0
344,1
345,0
345,1
346,0
346,1
347,0
347,1
349,0
349,1
350,0
350,1
352,0
352,1
355,0
355,1
355,2
355,3
355,4
355,5
355,6
355,7
355,8
355,9
355,10
355,11
355,12
355,13
359,0
359,1
362,0
362,1
362,2
362,3
362,4
362,5
362,6
362,7
362,8
362,9
362,10
362,11
362,12
362,13
362,14
362,15
362,16
362,17
362,18
362,19
362,20
362,21
362,22
362,23
364,0
364,1
364,2
364,3
364,4
364,5
364,6
364,7
364,8
364,9
364,10
364,11
364,12
364,13
364,14
364,15
364,16
364,17
364,18
364,19
364,20
364,21
364,22
364,23
366,0
366,1
367,0
367,1
368,0
368,1
369,0
369,1
370,0
370,1
371,0
371,1
372,0
372,1
373,0
373,1
375,0
375,1
376,0
376,1
377,0
377,1
378,0
378,1
379,0
379,1
380,0
380,1
381,0
381,1
382,0
382,1
384,0
384,1
384,2
384,3
384,4
384,5
384,6
384,7
384,8
384,9
384,10
384,11
384,12
384,13
384,14
384,15
384,16
384,17
384,18
384,19
384,20
384,21
384,22
384,23
384,24
384,25
384,26
384,27
384,28
384,29
384,30
384,31
384,32
384,33
384,34
384,35
384,36
384,37
384,38
384,39
386,0
386,1
387,0
387,1
388,0
388,1
389,0
389,1
390,0
390,1
391,0
391,1
392,0
392,1
393,0
393,1
394,0
394,1
395,0
395,1
396,0
396,1
397,0
397,1
398,0
398,1
399,0
399,1
400,0
400,1
401,0
401,1
402,0
402,1
403,0
403,1
404,0
404,1
405,0
405,1
407,0
407,1
408,0
408,1
409,0
409,1
410,0
410,1
411,0
411,1
412,0
412,1
413,0
413,1
414,0
414,1
415,0
415,1
416,0
416,1
417,0
417,1
418,0
418,1
419,0
419,1
420,0
420,1
421,0
421,1
422,0
422,1
423,0
423,1
424,0
424,1
425,0
425,1
426,0
426,1
428,0
428,1
428,2
428,3
428,4
428,5
428,6
428,7
428,8
428,9
428,10
428,11
428,12
428,13
428,14
428,15
428,16
428,17
428,18
428,19
428,20
428,21
428,22
428,23
428,24
428,25
428,26
428,27
428,28
428,29
428,30
428,31
428,32
428,33
428,34
428,35
428,36
428,37
428,38
428,39
428,40
428,41
428,42
428,43
428,44
428,45
428,46
428,47
428,48
428,49
428,50
428,51
428,52
428,53
428,54
428,55
428,56
428,57
428,58
428,59
428,60
428,61
428,62
428,63
430,0
430,1
431,0
431,1
432,0
432,1
433,0
433,1
434,0
434,1
435,0
435,1
436,0
436,1
437,0
437,1
438,0
438,1
439,0
439,1
440,0
440,1
441,0
441,1
442,0
442,1
443,0
443,1
444,0
444,1
445,0
445,1
446,0
446,1
447,0
447,1
448,0
448,1
449,0
449,1
450,0
450,1
451,0
451,1
452,0
452,1
453,0
453,1
454,0
454,1
455,0
455,1
456,0
456,1
457,0
457,1
458,0
458,1
459,0
459,1
460,0
460,1
461,0
461,1
463,0
463,1
464,0
464,1
465,0
465,1
466,0
466,1
467,0
467,1
468,0
468,1
469,0
469,1
470,0
470,1
471,0
471,1
472,0
472,1
473,0
473,1
474,0
474,1
475,0
475,1
476,0
476,1
477,0
477,1
478,0
478,1
479,0
479,1
480,0
480,1
481,0
481,1
482,0
482,1
483,0
483,1
484,0
484,1
485,0
485,1
486,0
486,1
487,0
487,1
488,0
488,1
489,0
489,1
490,0
490,1
491,0
491,1
492,0
492,1
493,0
493,1
494,0
494,1
496,0
496,1
496,2
496,3
496,4
496,5
496,6
496,7
496,8
496,9
496,10
496,11
496,12
496,13
496,14
496,15
496,16
496,17
496,18
496,19
496,20
496,21
496,22
496,23
496,24
496,25
496,26
496,27
496,28
496,29
496,30
496,31
498,0
498,1
499,0
499,1
500,0
500,1
501,0
501,1
502,0
502,1
503,0
503,1
504,0
504,1
505,0
505,1
506,0
506,1
507,0
507,1
508,0
508,1
509,0
509,1
510,0
510,1
511,0
511,1
512,0
512,1
513,0
513,1
515,0
515,1
516,0
516,1
517,0
517,1
518,0
518,1
519,0
519,1
520,0
520,1
521,0
521,1
522,0
522,1
523,0
523,1
524,0
524,1
525,0
525,1
526,0
526,1
527,0
527,1
528,0
528,1
529,0
529,1
530,0
530,1
532,0
532,1
532,2
532,3
532,4
532,5
532,6
532,7
532,8
532,9
532,10
532,11
532,12
532,13
532,14
532,15
534,0
534,1
535,0
535,1
536,0
536,1
537,0
537,1
538,0
538,1
539,0
539,1
540,0
540,1
541,0
541,1
543,0
543,1
544,0
544,1
545,0
545,1
546,0
546,1
547,0
547,1
548,0
548,1
549,0
549,1
550,0
550,1
552,0
552,1
552,2
552,3
552,4
552,5
552,6
552,7
554,0
554,1
555,0
555,1
556,0
556,1
557,0
557,1
559,0
559,1
559,2
559,3
561,0
561,1
562,0
562,1
564,0
564,1
567,0
567,1
567,2
567,3
567,4
567,5
567,6
567,7
567,8
567,9
567,10
567,11
567,12
567,13
567,14
567,15
567,16
567,17
567,18
567,19
567,20
567,21
567,22
567,23
567,24
567,25
567,26
567,27
567,28
567,29
567,30
567,31
567,32
567,33
567,34
567,35
567,36
567,37
567,38
567,39
567,40
567,41
567,42
567,43
567,44
567,45
567,46
567,47
567,48
567,49
567,50
567,51
567,52
567,53
567,54
567,55
567,56
567,57
567,58
567,59
567,60
567,61
567,62
567,63
567,64
567,65
567,66
567,67
567,68
567,69
567,70
567,71
568,0
568,1
568,2
568,3
568,4
568,5
568,6
568,7
568,8
568,9
568,10
568,11
568,12
568,13
568,14
568,15
568,16
568,17
568,18
568,19
570,0
570,1
570,2
570,3
570,4
570,5
570,6
570,7
570,8
570,9
570,10
570,11
570,12
570,13
570,14
570,15
570,16
570,17
570,18
570,19
570,20
570,21
570,22
570,23
570,24
570,25
570,26
570,27
570,28
570,29
570,30
570,31
570,32
570,33
570,34
570,35
570,36
570,37
570,38
570,39
570,40
570,41
570,42
570,43
570,44
570,45
570,46
570,47
570,48
570,49
570,50
570,51
570,52
570,53
570,54
570,55
570,56
570,57
570,58
570,59
570,60
570,61
570,62
570,63
570,64
570,65
570,66
570,67
570,68
570,69
570,70
570,71
572,0
572,1
573,0
573,1
574,0
574,1
575,0
575,1
576,0
576,1
577,0
577,1
578,0
578,1
579,0
579,1
580,0
580,1
581,0
581,1
582,0
582,1
583,0
583,1
584,0
584,1
585,0
585,1
586,0
586,1
587,0
587,1
588,0
588,1
589,0
589,1
590,0
590,1
591,0
591,1
592,0
592,1
593,0
593,1
594,0
594,1
595,0
595,1
596,0
596,1
597,0
597,1
598,0
598,1
599,0
599,1
600,0
600,1
601,0
601,1
602,0
602,1
603,0
603,1
604,0
604,1
605,0
605,1
606,0
606,1
607,0
607,1
609,0
609,1
609,2
609,3
609,4
609,5
609,6
609,7
609,8
609,9
609,10
609,11
609,12
609,13
609,14
609,15
609,16
609,17
609,18
609,19
609,20
609,21
609,22
609,23
609,24
609,25
609,26
609,27
609,28
609,29
609,30
609,31
609,32
609,33
609,34
609,35
609,36
609,37
609,38
609,39
609,40
609,41
609,42
609,43
609,44
609,45
609,46
609,47
611,0
611,1
612,0
612,1
613,0
613,1
614,0
614,1
615,0
615,1
616,0
616,1
617,0
617,1
618,0
618,1
619,0
619,1
620,0
620,1
621,0
621,1
622,0
622,1
623,0
623,1
624,0
624,1
625,0
625,1
626,0
626,1
627,0
627,1
628,0
628,1
629,0
629,1
630,0
630,1
631,0
631,1
632,0
632,1
633,0
633,1
634,0
634,1
636,0
636,1
636,2
636,3
636,4
636,5
636,6
636,7
636,8
636,9
636,10
636,11
636,12
636,13
636,14
636,15
636,16
636,17
636,18
636,19
636,20
636,21
636,22
636,23
636,24
636,25
636,26
636,27
636,28
636,29
636,30
636,31
638,0
638,1
639,0
639,1
640,0
640,1
641,0
641,1
642,0
642,1
643,0
643,1
644,0
644,1
645,0
645,1
646,0
646,1
647,0
647,1
648,0
648,1
649,0
649,1
650,0
650,1
651,0
651,1
652,0
652,1
653,0
653,1
655,0
655,1
655,2
655,3
655,4
655,5
655,6
655,7
655,8
655,9
655,10
655,11
655,12
655,13
655,14
655,15
657,0
657,1
658,0
658,1
659,0
659,1
660,0
660,1
661,0
661,1
662,0
662,1
663,0
663,1
664,0
664,1
666,0
666,1
666,2
666,3
666,4
666,5
666,6
666,7
668,0
668,1
669,0
669,1
670,0
670,1
671,0
671,1
673,0
673,1
673,2
673,3
675,0
675,1
676,0
676,1
678,0
678,1
681,0
681,1
681,2
681,3
681,4
681,5
681,6
681,7
681,8
681,9
681,10
681,11
681,12
681,13
681,14
681,15
681,16
681,17
681,18
681,19
681,20
681,21
681,22
681,23
681,24
681,25
681,26
681,27
681,28
681,29
681,30
681,31
681,32
681,33
681,34
681,35
681,36
681,37
681,38
681,39
681,40
681,41
681,42
681,43
681,44
681,45
681,46
681,47
683,0
683,1
683,2
683,3
683,4
683,5
683,6
683,7
683,8
683,9
683,10
683,11
683,12
683,13
683,14
683,15
683,16
683,17
683,18
683,19
683,20
683,21
683,22
683,23
683,24
683,25
683,26
683,27
683,28
683,29
683,30
683,31
683,32
683,33
683,34
683,35
683,36
683,37
683,38
683,39
683,40
683,41
683,42
683,43
683,44
683,45
683,46
683,47
685,0
685,1
685,2
685,3
685,4
685,5
685,6
685,7
686,0
686,1
686,2
686,3
686,4
686,5
686,6
686,7
689,0
689,1
690,0
690,1
691,0
691,1
692,0
692,1
694,0
694,1
695,0
695,1
696,0
696,1
697,0
697,1
699,0
699,1
700,0
700,1
701,0
701,1
702,0
702,1
704,0
704,1
705,0
705,1
706,0
706,1
707,0
707,1
709,0
709,1
709,2
709,3
709,4
709,5
709,6
709,7
709,8
709,9
709,10
709,11
709,12
709,13
709,14
709,15
710,0
710,1
710,2
710,3
710,4
710,5
710,6
710,7
710,8
710,9
710,10
710,11
710,12
710,13
710,14
710,15
713,0
713,1
714,0
714,1
715,0
715,1
716,0
716,1
717,0
717,1
718,0
718,1
719,0
719,1
720,0
720,1
722,0
722,1
723,0
723,1
724,0
724,1
725,0
725,1
726,0
726,1
727,0
727,1
728,0
728,1
729,0
729,1
731,0
731,1
731,2
731,3
731,4
731,5
731,6
731,7
732,0
732,1
732,2
732,3
732,4
732,5
732,6
732,7
735,0
735,1
736,0
736,1
737,0
737,1
738,0
738,1
740,0
740,1
741,0
741,1
742,0
742,1
743,0
743,1
745,0
745,1
745,2
745,3
746,0
746,1
746,2
746,3
749,0
749,1
750,0
750,1
752,0
752,1
753,0
753,1
755,0
755,1
756,0
756,1
758,0
758,1
761,0
761,1
761,2
761,3
761,4
761,5
761,6
761,7
761,8
761,9
761,10
761,11
761,12
761,13
761,14
761,15
761,16
761,17
761,18
761,19
764,0
764,1
764,2
764,3
764,4
764,5
764,6
764,7
764,8
764,9
764,10
764,11
764,12
764,13
764,14
764,15
764,16
764,17
764,18
764,19
764,20
764,21
764,22
764,23
767,0
767,1
767,2
767,3
767,4
767,5
767,6
767,7
767,8
767,9
767,10
767,11
767,12
767,13
767,14
767,15
767,16
767,17
767,18
767,19
767,20
767,21
767,22
767,23
770,0
770,1
770,2
770,3
770,4
770,5
770,6
770,7
770,8
770,9
770,10
770,11
770,12
770,13
770,14
770,15
770,16
770,17
770,18
770,19
770,20
770,21
770,22
770,23
775,0
775,1
776,0
776,1
778,0
778,1
783,0
783,1
784,0
784,1
786,0
786,1
791,0
791,1
792,0
792,1
794,0
794,1
798,0
798,1
801,0
801,1
801,2
801,3
801,4
801,5
801,6
801,7
801,8
801,9
801,10
801,11
801,12
801,13
801,14
801,15
801,16
801,17
801,18
801,19
802,0
802,1
802,2
802,3
802,4
802,5
802,6
802,7
802,8
802,9
802,10
802,11
802,12
802,13
802,14
802,15
802,16
802,17
802,18
802,19
804,0
804,1
804,2
804,3
804,4
804,5
804,6
804,7
804,8
804,9
804,10
804,11
804,12
804,13
804,14
804,15
804,16
804,17
804,18
804,19
806,0
806,1
807,0
807,1
808,0
808,1
809,0
809,1
810,0
810,1
811,0
811,1
812,0
812,1
813,0
813,1
815,0
815,1
815,2
815,3
815,4
815,5
815,6
815,7
815,8
815,9
815,10
815,11
815,12
815,13
815,14
815,15
815,16
815,17
815,18
815,19
815,20
815,21
815,22
815,23
815,24
815,25
815,26
815,27
815,28
815,29
815,30
815,31
817,0
817,1
818,0
818,1
819,0
819,1
820,0
820,1
821,0
821,1
822,0
822,1
823,0
823,1
824,0
824,1
825,0
825,1
826,0
826,1
827,0
827,1
828,0
828,1
829,0
829,1
830,0
830,1
831,0
831,1
832,0
832,1
834,0
834,1
834,2
834,3
834,4
834,5
834,6
834,7
834,8
834,9
834,10
834,11
834,12
834,13
834,14
834,15
836,0
836,1
837,0
837,1
838,0
838,1
839,0
839,1
840,0
840,1
841,0
841,1
842,0
842,1
843,0
843,1
845,0
845,1
845,2
845,3
845,4
845,5
845,6
845,7
847,0
847,1
848,0
848,1
849,0
849,1
850,0
850,1
852,0
852,1
852,2
852,3
854,0
854,1
855,0
855,1
857,0
857,1
860,0
860,1
860,2
860,3
860,4
860,5
860,6
860,7
860,8
860,9
860,10
860,11
860,12
860,13
860,14
860,15
860,16
860,17
860,18
860,19
861,0
861,1
861,2
861,3
861,4
861,5
861,6
861,7
861,8
861,9
861,10
861,11
861,12
861,13
861,14
861,15
861,16
861,17
861,18
861,19
863,0
863,1
863,2
863,3
863,4
863,5
863,6
863,7
863,8
863,9
863,10
863,11
863,12
863,13
863,14
863,15
863,16
863,17
863,18
863,19
865,0
865,1
866,0
866,1
867,0
867,1
868,0
868,1
869,0
869,1
870,0
870,1
871,0
871,1
872,0
872,1
874,0
874,1
874,2
874,3
874,4
874,5
874,6
874,7
874,8
874,9
874,10
874,11
874,12
874,13
874,14
874,15
874,16
874,17
874,18
874,19
874,20
874,21
874,22
874,23
874,24
874,25
874,26
874,27
874,28
874,29
874,30
874,31
876,0
876,1
877,0
877,1
878,0
878,1
879,0
879,1
880,0
880,1
881,0
881,1
882,0
882,1
883,0
883,1
884,0
884,1
885,0
885,1
886,0
886,1
887,0
887,1
888,0
888,1
889,0
889,1
890,0
890,1
891,0
891,1
893,0
893,1
893,2
893,3
893,4
893,5
893,6
893,7
893,8
893,9
893,10
893,11
893,12
893,13
893,14
893,15
895,0
895,1
896,0
896,1
897,0
897,1
898,0
898,1
899,0
899,1
900,0
900,1
901,0
901,1
902,0
902,1
904,0
904,1
904,2
904,3
904,4
904,5
904,6
904,7
906,0
906,1
907,0
907,1
908,0
908,1
909,0
909,1
911,0
911,1
911,2
911,3
913,0
913,1
914,0
914,1
916,0
916,1
919,0
919,1
919,2
919,3
919,4
919,5
919,6
919,7
919,8
919,9
919,10
919,11
919,12
919,13
919,14
919,15
919,16
919,17
919,18
919,19
922,0
922,1
922,2
922,3
922,4
922,5
922,6
922,7
922,8
922,9
922,10
922,11
922,12
922,13
922,14
922,15
922,16
922,17
922,18
922,19
927,0
927,1
931,0
931,1
931,2
931,3
931,4
931,5
931,6
931,7
931,8
931,9
931,10
931,11
931,12
931,13
931,14
931,15
931,16
931,17
932,0
932,1
932,2
932,3
932,4
932,5
932,6
932,7
932,8
932,9
932,10
932,11
932,12
932,13
932,14
932,15
932,16
932,17
933,0
933,1
933,2
933,3
933,4
933,5
933,6
933,7
933,8
933,9
935,0
935,1
935,2
935,3
935,4
935,5
935,6
935,7
935,8
935,9
935,10
935,11
935,12
935,13
935,14
935,15
935,16
935,17
935,18
935,19
935,20
935,21
935,22
935,23
935,24
935,25
935,26
935,27
937,0
937,1
938,0
938,1
939,0
939,1
940,0
940,1
941,0
941,1
942,0
942,1
943,0
943,1
944,0
944,1
945,0
945,1
946,0
946,1
947,0
947,1
948,0
948,1
949,0
949,1
950,0
950,1
952,0
952,1
952,2
952,3
952,4
952,5
952,6
952,7
952,8
952,9
952,10
952,11
952,12
952,13
952,14
952,15
952,16
952,17
952,18
952,19
952,20
952,21
952,22
952,23
952,24
952,25
952,26
952,27
952,28
952,29
952,30
952,31
954,0
954,1
955,0
955,1
956,0
956,1
957,0
957,1
958,0
958,1
959,0
959,1
960,0
960,1
961,0
961,1
962,0
962,1
963,0
963,1
964,0
964,1
965,0
965,1
966,0
966,1
967,0
967,1
968,0
968,1
969,0
969,1
971,0
971,1
971,2
971,3
971,4
971,5
971,6
971,7
971,8
971,9
971,10
971,11
971,12
971,13
971,14
971,15
973,0
973,1
974,0
974,1
975,0
975,1
976,0
976,1
977,0
977,1
978,0
978,1
979,0
979,1
980,0
980,1
982,0
982,1
982,2
982,3
982,4
982,5
982,6
982,7
984,0
984,1
985,0
985,1
986,0
986,1
987,0
987,1
989,0
989,1
989,2
989,3
991,0
991,1
992,0
992,1
994,0
994,1
997,0
997,1
997,2
997,3
997,4
997,5
997,6
997,7
997,8
997,9
997,10
997,11
997,12
997,13
997,14
997,15
997,16
997,17
1000,0
1000,1
1000,2
1000,3
1000,4
1000,5
1000,6
1000,7
1000,8
1000,9
1000,10
1000,11
1000,12
1000,13
1000,14
1000,15
1000,16
1000,17
1005,0
1005,1
1008,0
1008,1
1008,2
1008,3
1008,4
1008,5
1008,6
1008,7
1008,8
1008,9
1008,10
1008,11
1008,12
1008,13
1008,14
1008,15
1008,16
1008,17
1008,18
1008,19
1013,0
1013,1
1016,0
1016,1
1018,0
1018,1
1022,0
1022,1
1022,2
1022,3
1022,4
1022,5
1022,6
1022,7
1022,8
1022,9
1022,10
1022,11
1024,0
1024,1
1025,0
1025,1
1026,0
1026,1
1027,0
1027,1
1029,0
1029,1
1030,0
1030,1
1031,0
1031,1
1032,0
1032,1
1034,0
1034,1
1035,0
1035,1
1036,0
1036,1
1037,0
1037,1
1039,0
1039,1
1040,0
1040,1
1041,0
1041,1
1042,0
1042,1
1044,0
1044,1
1045,0
1045,1
1047,0
1047,1
1050,0
1050,1
1050,2
1050,3
1050,4
1050,5
1050,6
1050,7
1050,8
1050,9
1050,10
1050,11
1054,0
1054,1
1057,0
1057,1
1057,2
1057,3
1057,4
1057,5
1057,6
1057,7
1057,8
1057,9
1057,10
1057,11
1057,12
1057,13
1057,14
1057,15
1057,16
1057,17
1057,18
1057,19
1058,0
1058,1
1058,2
1058,3
1058,4
1058,5
1058,6
1058,7
1058,8
1058,9
1058,10
1058,11
1058,12
1058,13
1058,14
1058,15
1058,16
1058,17
1058,18
1058,19
1058,20
1058,21
1060,0
1060,1
1060,2
1060,3
1060,4
1060,5
1060,6
1060,7
1060,8
1060,9
1060,10
1060,11
1060,12
1060,13
1060,14
1060,15
1060,16
1060,17
1060,18
1060,19
1060,20
1060,21
1062,0
1062,1
1063,0
1063,1
1065,0
1065,1
1066,0
1066,1
1067,0
1067,1
1068,0
1068,1
1069,0
1069,1
1070,0
1070,1
1071,0
1071,1
1072,0
1072,1
1073,0
1073,1
1074,0
1074,1
1075,0
1075,1
1076,0
1076,1
1077,0
1077,1
1078,0
1078,1
1079,0
1079,1
1080,0
1080,1
1082,0
1082,1
1083,0
1083,1
1084,0
1084,1
1085,0
1085,1
1086,0
1086,1
1087,0
1087,1
1088,0
1088,1
1089,0
1089,1
1091,0
1091,1
1092,0
1092,1
1093,0
1093,1
1094,0
1094,1
1095,0
1095,1
1096,0
1096,1
1097,0
1097,1
1098,0
1098,1
1100,0
1100,1
1101,0
1101,1
1102,0
1102,1
1103,0
1103,1
1105,0
1105,1
1106,0
1106,1
1108,0
1108,1
1111,0
1111,1
1111,2
1111,3
1111,4
1111,5
1111,6
1111,7
1111,8
1111,9
1111,10
1111,11
1111,12
1111,13
1111,14
1111,15
1111,16
1111,17
1111,18
1111,19
1114,0
1114,1
1114,2
1114,3
1114,4
1114,5
1114,6
1114,7
1114,8
1114,9
1114,10
1114,11
1114,12
1114,13
1114,14
1114,15
1114,16
1114,17
1114,18
1114,19
1114,20
1114,21
1119,0
1119,1
1120,0
1120,1
1122,0
1122,1
1123,0
1123,1
1125,0
1125,1
1129,0
1129,1
1129,2
1129,3
1129,4
1129,5
1129,6
1129,7
1129,8
1129,9
1129,10
1129,11
1129,12
1129,13
1129,14
1129,15
1129,16
1129,17
1131,0
1131,1
1132,0
1132,1
1134,0
1134,1
1135,0
1135,1
1136,0
1136,1
1137,0
1137,1
1138,0
1138,1
1139,0
1139,1
1140,0
1140,1
1141,0
1141,1
1143,0
1143,1
1144,0
1144,1
1145,0
1145,1
1146,0
1146,1
1148,0
1148,1
1149,0
1149,1
1151,0
1151,1
1154,0
1154,1
1154,2
1154,3
1154,4
1154,5
1154,6
1154,7
1154,8
1154,9
1154,10
1154,11
1154,12
1154,13
1154,14
1154,15
1154,16
1154,17
1158,0
1158,1
1158,2
1158,3
1158,4
1158,5
1158,6
1158,7
1158,8
1158,9
1158,10
1158,11
1158,12
1158,13
1158,14
1158,15
1160,0
1160,1
1161,0
1161,1
1162,0
1162,1
1163,0
1163,1
1164,0
1164,1
1165,0
1165,1
1166,0
1166,1
1167,0
1167,1
1169,0
1169,1
1170,0
1170,1
1171,0
1171,1
1172,0
1172,1
1174,0
1174,1
1175,0
1175,1
1177,0
1177,1
1180,0
1180,1
1180,2
1180,3
1180,4
1180,5
1180,6
1180,7
1180,8
1180,9
1180,10
1180,11
1180,12
1180,13
1180,14
1180,15
1184,0
1184,1
1184,2
1184,3
1184,4
1184,5
1184,6
1184,7
1184,8
1184,9
1184,10
1184,11
1184,12
1184,13
1184,14
1184,15
1186,0
1186,1
1187,0
1187,1
1188,0
1188,1
1189,0
1189,1
1190,0
1190,1
1191,0
1191,1
1192,0
1192,1
1193,0
1193,1
1195,0
1195,1
1196,0
1196,1
1197,0
1197,1
1198,0
1198,1
1200,0
1200,1
1201,0
1201,1
1203,0
1203,1
1206,0
1206,1
1206,2
1206,3
1206,4
1206,5
1206,6
1206,7
1206,8
1206,9
1206,10
1206,11
1206,12
1206,13
1206,14
1206,15
1208,0
1208,1
1208,2
1208,3
1208,4
1208,5
1208,6
1208,7
1209,0
1209,1
1209,2
1209,3
1209,4
1209,5
1209,6
1209,7
1213,0
1213,1
1213,2
1213,3
1213,4
1213,5
1213,6
1213,7
1213,8
1213,9
1213,10
1213,11
1213,12
1213,13
1213,14
1213,15
1215,0
1215,1
1216,0
1216,1
1217,0
1217,1
1218,0
1218,1
1219,0
1219,1
1220,0
1220,1
1221,0
1221,1
1222,0
1222,1
1224,0
1224,1
1225,0
1225,1
1226,0
1226,1
1227,0
1227,1
1229,0
1229,1
1230,0
1230,1
1232,0
1232,1
1235,0
1235,1
1235,2
1235,3
1235,4
1235,5
1235,6
1235,7
1235,8
1235,9
1235,10
1235,11
1235,12
1235,13
1235,14
1235,15
1235,16
1235,17
1239,0
1239,1
1239,2
1239,3
1239,4
1239,5
1239,6
1239,7
1239,8
1239,9
1239,10
1239,11
1239,12
1239,13
1239,14
1239,15
1241,0
1241,1
1242,0
1242,1
1243,0
1243,1
1244,0
1244,1
1245,0
1245,1
1246,0
1246,1
1247,0
1247,1
1248,0
1248,1
1250,0
1250,1
1251,0
1251,1
1252,0
1252,1
1253,0
1253,1
1255,0
1255,1
1256,0
1256,1
1258,0
1258,1
1261,0
1261,1
1261,2
1261,3
1261,4
1261,5
1261,6
1261,7
1261,8
1261,9
1261,10
1261,11
1261,12
1261,13
1261,14
1261,15
1265,0
1265,1
1265,2
1265,3
1265,4
1265,5
1265,6
1265,7
1265,8
1265,9
1265,10
1265,11
1267,0
1267,1
1268,0
1268,1
1269,0
1269,1
1270,0
1270,1
1272,0
1272,1
1273,0
1273,1
1274,0
1274,1
1275,0
1275,1
1277,0
1277,1
1278,0
1278,1
1279,0
1279,1
1280,0
1280,1
1282,0
1282,1
1283,0
1283,1
1284,0
1284,1
1285,0
1285,1
1287,0
1287,1
1288,0
1288,1
1290,0
1290,1
1293,0
1293,1
1293,2
1293,3
1293,4
1293,5
1293,6
1293,7
1293,8
1293,9
1293,10
1293,11
1295,0
1295,1
1295,2
1295,3
1295,4
1295,5
1296,0
1296,1
1296,2
1296,3
1296,4
1296,5
1300,0
1300,1
1303,0
1303,1
1303,2
1303,3
1303,4
1303,5
1303,6
1303,7
1303,8
1303,9
1303,10
1303,11
1303,12
1303,13
1303,14
1303,15
1303,16
1303,17
1303,18
1303,19
1304,0
1304,1
1304,2
1304,3
1304,4
1304,5
1304,6
1304,7
1304,8
1304,9
1304,10
1304,11
1304,12
1304,13
1304,14
1304,15
1304,16
1304,17
1304,18
1304,19
1304,20
1304,21
1306,0
1306,1
1306,2
1306,3
1306,4
1306,5
1306,6
1306,7
1306,8
1306,9
1306,10
1306,11
1306,12
1306,13
1306,14
1306,15
1306,16
1306,17
1306,18
1306,19
1306,20
1306,21
1308,0
1308,1
1309,0
1309,1
1310,0
1310,1
1311,0
1311,1
1312,0
1312,1
1313,0
1313,1
1314,0
1314,1
1315,0
1315,1
1316,0
1316,1
1317,0
1317,1
1319,0
1319,1
1320,0
1320,1
1321,0
1321,1
1322,0
1322,1
1323,0
1323,1
1324,0
1324,1
1325,0
1325,1
1326,0
1326,1
1327,0
1327,1
1328,0
1328,1
1329,0
1329,1
1330,0
1330,1
1331,0
1331,1
1332,0
1332,1
1333,0
1333,1
1334,0
1334,1
1336,0
1336,1
1337,0
1337,1
1338,0
1338,1
1339,0
1339,1
1340,0
1340,1
1341,0
1341,1
1342,0
1342,1
1343,0
1343,1
1345,0
1345,1
1346,0
1346,1
1347,0
1347,1
1348,0
1348,1
1350,0
1350,1
1351,0
1351,1
1353,0
1353,1
1356,0
1356,1
1356,2
1356,3
1356,4
1356,5
1356,6
1356,7
1356,8
1356,9
1356,10
1356,11
1356,12
1356,13
1356,14
1356,15
1356,16
1356,17
1356,18
1356,19
1359,0
1359,1
1359,2
1359,3
1359,4
1359,5
1359,6
1359,7
1359,8
1359,9
1359,10
1359,11
1359,12
1359,13
1359,14
1359,15
1359,16
1359,17
1359,18
1359,19
1359,20
1359,21
1364,0
1364,1
1365,0
1365,1
1367,0
1367,1
1371,0
1371,1
1371,2
1371,3
1371,4
1371,5
1371,6
1371,7
1371,8
1371,9
1371,10
1371,11
1371,12
1371,13
1371,14
1371,15
1373,0
1373,1
1374,0
1374,1
1375,0
1375,1
1376,0
1376,1
1377,0
1377,1
1378,0
1378,1
1379,0
1379,1
1380,0
1380,1
1382,0
1382,1
1383,0
1383,1
1384,0
1384,1
1385,0
1385,1
1387,0
1387,1
1388,0
1388,1
1390,0
1390,1
1393,0
1393,1
1393,2
1393,3
1393,4
1393,5
1393,6
1393,7
1393,8
1393,9
1393,10
1393,11
1393,12
1393,13
1393,14
1393,15
1397,0
1397,1
1397,2
1397,3
1397,4
1397,5
1397,6
1397,7
1397,8
1397,9
1399,0
1399,1
1400,0
1400,1
1402,0
1402,1
1403,0
1403,1
1404,0
1404,1
1405,0
1405,1
1407,0
1407,1
1408,0
1408,1
1410,0
1410,1
1413,0
1413,1
1413,2
1413,3
1413,4
1413,5
1413,6
1413,7
1413,8
1413,9
1417,0
1417,1
1417,2
1417,3
1417,4
1417,5
1417,6
1417,7
1417,8
1417,9
1417,10
1417,11
1417,12
1417,13
1417,14
1417,15
1417,16
1417,17
1421,0
1421,1
1423,0
1427,0
1427,1
1427,2
1427,3
1427,4
1427,5
1427,6
1427,7
1427,8
1427,9
1427,10
1427,11
1427,12
1427,13
1427,14
1427,15
1427,16
1427,17
1427,18
1429,0
1429,1
1429,2
1429,3
1429,4
1429,5
1429,6
1429,7
1429,8
1429,9
1429,10
1429,11
1429,12
1429,13
1429,14
1429,15
1429,16
1429,17
1429,18
1431,0
1431,1
1432,0
1432,1
1433,0
1433,1
1435,0
1435,1
1436,0
1436,1
1437,0
1437,1
1438,0
1438,1
1439,0
1439,1
1440,0
1440,1
1441,0
1441,1
1442,0
1442,1
1444,0
1444,1
1445,0
1445,1
1446,0
1446,1
1447,0
1447,1
1449,0
1449,1
1450,0
1450,1
1452,0
1452,1
1455,0
1455,1
1455,2
1455,3
1455,4
1455,5
1455,6
1455,7
1455,8
1455,9
1455,10
1456,0
1456,1
1456,2
1456,3
1456,4
1456,5
1456,6
1456,7
1456,8
1456,9
1456,10
1458,0
1458,1
1459,0
1459,1
1462,0
1462,1
1463,0
1463,1
1465,0
1465,1
1466,0
1466,1
1468,0
1468,1
1469,0
1469,1
1471,0
1471,1
1472,0
1472,1
1474,0
1474,1
1476,0
1476,1
1480,0
1480,1
1480,2
1480,3
1480,4
1480,5
1480,6
1480,7
1480,8
1480,9
1480,10
1480,11
1480,12
1480,13
1480,14
1480,15
1480,16
1480,17
1482,0
1482,1
1483,0
1483,1
1484,0
1484,1
1485,0
1485,1
1487,0
1487,1
1487,2
1487,3
1489,0
1489,1
1490,0
1490,1
1492,0
1492,1
1494,0
1494,1
1497,0
1497,1
1497,2
1497,3
1497,4
1497,5
1497,6
1497,7
1497,8
1497,9
1497,10
1497,11
1497,12
1497,13
1497,14
1497,15
1497,16
1497,17
1499,0
1499,1
1500,0
1500,1
1501,0
1501,1
1502,0
1502,1
1504,0
1504,1
1504,2
1504,3
1506,0
1506,1
1507,0
1507,1
1509,0
1509,1
1511,0
1511,1
1515,0
1515,1
1515,2
1515,3
1515,4
1518,0
1518,1
1518,2
1520,0
1524,0
1524,1
1524,2
1524,3
1524,4
1524,5
1524,6
1524,7
1524,8
1524,9
1526,0
1526,1
1527,0
1527,1
1529,0
1529,1
1531,0
1531,1
1532,0
1532,1
1534,0
1534,1
1536,0
1536,1
1540,0
1540,1
1540,2
1540,3
1540,4
1540,5
1540,6
1540,7
1540,8
1540,9
1540,10
1540,11
1542,0
1542,1
1542,2
1542,3
1542,4
1542,5
1543,0
1543,1
1543,2
1543,3
1543,4
1543,5
1547,0
1547,1
1547,2
1547,3
1547,4
1547,5
1547,6
1547,7
1547,8
1547,9
1547,10
1547,11
1547,12
1547,13
1549,0
1549,1
1550,0
1550,1
1551,0
1551,1
1552,0
1552,1
1553,0
1553,1
1554,0
1554,1
1556,0
1556,1
1557,0
1557,1
1558,0
1558,1
1559,0
1559,1
1561,0
1561,1
1562,0
1562,1
1564,0
1564,1
1567,0
1567,1
1567,2
1567,3
1567,4
1567,5
1567,6
1567,7
1567,8
1567,9
1567,10
1567,11
1567,12
1567,13
1570,0
1570,1
1570,2
1570,3
1570,4
1570,5
1570,6
1570,7
1572,0
1572,1
1573,0
1573,1
1574,0
1574,1
1575,0
1575,1
1577,0
1577,1
1578,0
1578,1
1580,0
1580,1
1584,0
1584,1
1584,2
1584,3
1584,4
1584,5
1584,6
1584,7
1584,8
1584,9
1584,10
1584,11
1584,12
1584,13
1584,14
1584,15
1584,16
1584,17
1586,0
1586,1
1586,2
1586,3
1586,4
1586,5
1586,6
1587,0
1587,1
1587,2
1587,3
1587,4
1587,5
1587,6
1589,0
1589,1
1590,0
1590,1
1592,0
1592,1
1593,0
1593,1
1594,0
1594,1
1595,0
1595,1
1597,0
1597,1
1598,0
1598,1
1600,0
1600,1
1603,0
1603,1
1603,2
1603,3
1603,4
1603,5
1603,6
1603,7
1603,8
1603,9
1603,10
1603,11
1603,12
1603,13
1603,14
1603,15
1603,16
1603,17
1607,0
1607,1
1607,2
1607,3
1607,4
1607,5
1607,6
1607,7
1607,8
1607,9
1610,0
1610,1
1610,2
1610,3
1610,4
1610,5
1610,6
1610,7
1610,8
1610,9
1611,0
1611,1
1613,0
1613,1
1613,2
1614,0
1614,1
1614,2
1615,0
1615,1
1615,2
1616,0
1616,1
1616,2
1618,0
1618,1
1618,2
1618,3
1619,0
1619,1
1619,2
1619,3
1620,0
1620,1
1620,2
1620,3
1622,0
1622,1
1622,2
1624,0
1624,1
1626,0
1626,1
1627,0
1627,1
1628,0
1628,1
1629,0
1629,1
1631,0
1631,1
1632,0
1632,1
1634,0
1634,1
1636,0
1636,1
1639,0
1639,1
1639,2
1639,3
1639,4
1639,5
1639,6
1639,7
1639,8
1639,9
1639,10
1639,11
1639,12
1639,13
1639,14
1639,15
1641,0
1641,1
1641,2
1641,3
1642,0
1642,1
1642,2
1642,3
1643,0
1643,1
1643,2
1643,3
1644,0
1644,1
1644,2
1644,3
1646,0
1646,1
1646,2
1646,3
1646,4
1646,5
1646,6
1646,7
1648,0
1648,1
1649,0
1649,1
1650,0
1650,1
1651,0
1651,1
1653,0
1653,1
1653,2
1653,3
1655,0
1655,1
1656,0
1656,1
1658,0
1658,1
1660,0
1660,1
1664,0
1664,1
1664,2
1664,3
1664,4
1664,5
1664,6
1664,7
1664,8
1664,9
1664,10
1664,11
1664,12
1664,13
1664,14
1664,15
1666,0
1666,1
1667,0
1667,1
1668,0
1668,1
1669,0
1669,1
1670,0
1670,1
1671,0
1671,1
1672,0
1672,1
1673,0
1673,1
1675,0
1675,1
1676,0
1676,1
1677,0
1677,1
1678,0
1678,1
1680,0
1680,1
1681,0
1681,1
1683,0
1683,1
1686,0
1686,1
1686,2
1686,3
1686,4
1686,5
1686,6
1686,7
1686,8
1686,9
1686,10
1686,11
1686,12
1686,13
1686,14
1686,15
1690,0
1690,1
1690,2
1690,3
1690,4
1690,5
1690,6
1690,7
1690,8
1690,9
1690,10
1690,11
1690,12
1690,13
1690,14
1690,15
1690,16
1690,17
1690,18
1690,19
1690,20
1690,21
1690,22
1690,23
1690,24
1690,25
1690,26
1690,27
1694,0
1694,1
1694,2
1694,3
1694,4
1694,5
1694,6
1694,7
1694,8
1694,9
1694,10
1694,11
1694,12
1694,13
1694,14
1694,15
1696,0
1696,1
1697,0
1697,1
1698,0
1698,1
1699,0
1699,1
1701,0
1701,1
1701,2
1701,3
1703,0
1703,1
1704,0
1704,1
1706,0
1706,1
1708,0
1708,1
1711,0
1711,1
1711,2
1711,3
1711,4
1711,5
1711,6
1711,7
1711,8
1711,9
1711,10
1711,11
1711,12
1711,13
1711,14
1711,15
1713,0
1713,1
1714,0
1714,1
1715,0
1715,1
1716,0
1716,1
1718,0
1718,1
1718,2
1718,3
1720,0
1720,1
1721,0
1721,1
1723,0
1723,1
1725,0
1725,1
1729,0
1729,1
1729,2
1729,3
1729,4
1729,5
1729,6
1729,7
1729,8
1729,9
1729,10
1729,11
1729,12
1729,13
1729,14
1729,15
1729,16
1729,17
1729,18
1729,19
1731,0
1731,1
1731,2
1731,3
1732,0
1732,1
1732,2
1732,3
1734,0
1734,1
1736,0
1736,1
1739,0
1739,1
1739,2
1739,3
1739,4
1739,5
1739,6
1739,7
1739,8
1739,9
1739,10
1739,11
1739,12
1739,13
1739,14
1739,15
1739,16
1739,17
1739,18
1739,19
1741,0
1741,1
1741,2
1741,3
1742,0
1742,1
1742,2
1742,3
1744,0
1744,1
1746,0
1746,1
1750,0
1750,1
1750,2
1750,3
1752,0
1758,0
1758,1
1758,2
1758,3
1758,4
1758,5
1758,6
1758,7
1758,8
1758,9
1758,10
1758,11
1758,12
1758,13
1758,14
1758,15
1758,16
1758,17
1758,18
1758,19
1758,20
1758,21
1758,22
1758,23
1758,24
1758,25
1758,26
1758,27
1758,28
1758,29
1758,30
1758,31
1758,32
1758,33
1758,34
1758,35
1758,36
1758,37
1758,38
1758,39
1758,40
1758,41
1758,42
1758,43
1758,44
1758,45
1758,46
1758,47
1758,48
1758,49
